1 0 0 0 0 1 0 0 0 0 1 0
0.90675 -0.42165 -0.00392487 1.71774 0.421644 0.906759 -0.00214587 0.297035 0.00446371 0.000290865 0.99999 -0.00997949
0.935909 -0.352113 -0.00953081 3.15962 0.352073 0.935956 -0.00560586 0.862971 0.0108943 0.00189104 0.999939 0.00304424
0.94433 -0.328786 -0.0118524 4.6359 0.328723 0.9444 -0.00700921 1.39995 0.013498 0.00272284 0.999905 0.0276108
0.909614 -0.415359 -0.0089069 6.0546 0.415216 0.90961 -0.0143188 1.96363 0.0140492 0.0093263 0.999858 0.0612528
0.93186 -0.362538 -0.0142489 7.44681 0.362433 0.931962 -0.00945172 2.56652 0.016706 0.00364342 0.999854 0.0838861
0.908347 -0.417799 -0.01868 8.87282 0.417747 0.908538 -0.00678637 3.16471 0.0198069 -0.00163915 0.999802 0.112157
0.897369 -0.440837 -0.0197942 10.2381 0.440733 0.897587 -0.00957202 3.84069 0.0219867 -0.000134317 0.999758 0.140274
0.896503 -0.44253 -0.0212119 11.5932 0.44246 0.896751 -0.00811465 4.51004 0.0226127 -0.00211059 0.999742 0.1805
0.897584 -0.440379 -0.0202313 12.8964 0.440183 0.897806 -0.0135464 5.18069 0.0241294 0.00325352 0.999704 0.22087
0.899313 -0.436499 -0.0265645 14.2104 0.4367 0.899605 0.00200431 5.79485 0.0230226 -0.0134032 0.999645 0.309007
0.901119 -0.433238 -0.0170398 15.453 0.433062 0.901269 -0.0130967 6.46697 0.0210314 0.00442243 0.999769 0.198364
0.903669 -0.427667 -0.0219825 16.7662 0.427545 0.903936 -0.0102454 7.08852 0.0242524 -0.000140065 0.999706 0.341368
0.906113 -0.422639 -0.0182975 18.0716 0.42242 0.906281 -0.014718 7.74522 0.0228031 0.00560696 0.999724 0.294809
0.908255 -0.417526 -0.0273047 19.4332 0.41742 0.908662 -0.00974103 8.40061 0.0288778 -0.00255017 0.99958 0.332089
0.910437 -0.413221 -0.0187995 20.7951 0.41267 0.910469 -0.0273941 9.03073 0.0284362 0.0171826 0.999448 0.401322
0.913744 -0.405398 -0.0269123 22.1576 0.405041 0.914124 -0.0178662 9.67744 0.0318441 0.00542457 0.999478 0.381456
0.916708 -0.39875 -0.0254071 23.4724 0.398198 0.916981 -0.0241792 10.269 0.0329393 0.0120482 0.999385 0.493236
0.918905 -0.394014 -0.0191525 24.8975 0.393653 0.919039 -0.0201199 10.8965 0.0255294 0.0109488 0.999614 0.517564
0.922043 -0.386505 -0.0212102 26.2834 0.385894 0.922119 -0.0279653 11.5012 0.0303671 0.0176004 0.999384 0.534997
0.923912 -0.381751 -0.0255554 27.7209 0.381285 0.924211 -0.0213342 12.0677 0.0317629 0.00996704 0.999446 0.570797
0.92677 -0.374665 -0.0269039 29.1446 0.374246 0.927127 -0.0194002 12.6712 0.0322119 0.00791084 0.99945 0.590026
0.929578 -0.367934 -0.0225527 30.4959 0.367566 0.929805 -0.0188948 13.2158 0.0279217 0.00927455 0.999567 0.721269
0.932075 -0.361089 -0.0291771 31.9594 0.360854 0.93253 -0.0131397 13.8117 0.0319531 0.00171847 0.999488 0.722821
0.933621 -0.357496 -0.0234133 33.2904 0.356791 0.933717 -0.0295571 14.3517 0.0324279 0.0192415 0.999289 0.879197
0.936156 -0.350447 -0.0282564 34.6981 0.349746 0.936457 -0.0269579 14.8907 0.0359082 0.0153543 0.999237 0.936158
0.938652 -0.343817 -0.026886 36.1424 0.34314 0.938901 -0.0268084 15.3968 0.0344605 0.0159381 0.999279 1.09154
0.940543 -0.338406 -0.029344 37.5845 0.337673 0.940869 -0.0272455 15.9554 0.0368289 0.0157168 0.999198 1.0713
0.942871 -0.331986 -0.0279138 38.9303 0.331108 0.943055 -0.0318463 16.5174 0.0368968 0.0207845 0.999103 1.1789
0.944424 -0.326938 -0.0342803 40.4031 0.326709 0.945046 -0.0122395 17.0004 0.036398 0.000359557 0.999337 1.08645
0.946397 -0.320079 -0.0433865 41.8964 0.319874 0.947387 -0.011766 17.5283 0.0448698 -0.00274289 0.998989 1.08312
0.948789 -0.31411 -0.0336903 43.2641 0.313395 0.949297 -0.0248723 17.9814 0.0397947 0.0130402 0.999123 1.26778
0.89656 -0.441586 -0.0343879 44.5567 0.441385 0.897214 -0.0136354 18.5669 0.0368745 -0.00295339 0.999316 1.43502
0.891635 -0.451485 -0.0338924 45.857 0.451078 0.892277 -0.0192513 19.2951 0.038933 0.00187705 0.99924 1.42937
0.891217 -0.452198 -0.0353389 47.1974 0.451471 0.891882 -0.0268474 19.9695 0.0436584 0.00797236 0.999015 1.48152
0.892005 -0.450205 -0.0405161 48.4782 0.450023 0.892907 -0.0140281 20.6271 0.0424926 -0.00572 0.99908 1.57616
0.895107 -0.444317 -0.0369626 49.8156 0.444118 0.895861 -0.0139073 21.3001 0.0392926 -0.00396724 0.99922 1.55324
0.897568 -0.439095 -0.039577 51.1397 0.438653 0.89844 -0.0197161 21.9616 0.0442148 0.000335967 0.999022 1.59656
0.900051 -0.433599 -0.0435838 52.4629 0.433435 0.901082 -0.0136426 22.6009 0.045188 -0.00661169 0.998957 1.65264
0.902874 -0.42768 -0.0436816 53.7498 0.427145 0.90393 -0.021394 23.2702 0.0486349 0.000657722 0.998816 1.7073
0.905484 -0.421605 -0.0484656 55.0829 0.421312 0.906764 -0.0166048 23.9077 0.0509475 -0.00538374 0.998687 1.75876
0.909635 -0.41331 -0.0416943 56.4829 0.413405 0.910522 -0.00671223 24.5244 0.0407378 -0.0111309 0.999108 1.80336
0.911952 -0.40783 -0.0449187 57.8596 0.407854 0.913002 -0.00903482 25.1265 0.0446955 -0.0100809 0.99895 1.87265
0.913914 -0.403803 -0.0412781 59.1912 0.40348 0.914844 -0.0162419 25.7616 0.0443215 -0.0018112 0.999016 1.95453
0.916783 -0.3966 -0.047078 60.5498 0.396337 0.917979 -0.0152012 26.3722 0.0492454 -0.00472253 0.998776 2.07688
0.91973 -0.389936 -0.0452339 61.8724 0.388878 0.920782 -0.030567 26.9954 0.0535698 0.0105229 0.998509 2.20808
0.921151 -0.385886 -0.0507273 63.2189 0.384904 0.922524 -0.0282763 27.5911 0.0577086 0.00652157 0.998312 2.28467
0.924197 -0.378117 -0.0537353 64.5644 0.376947 0.925721 -0.0308417 28.1384 0.0614057 0.00824839 0.998079 2.4286
0.925798 -0.374225 -0.0534208 65.9577 0.37329 0.927325 -0.026897 28.7284 0.0596039 0.0049598 0.99821 2.4933
0.92772 -0.368996 -0.0563714 67.3568 0.368528 0.929425 -0.0188532 29.2779 0.0593497 -0.00328398 0.998232 2.5456
0.931222 -0.360947 -0.0504185 68.7832 0.360056 0.932566 -0.0260754 29.8686 0.0564305 0.00612854 0.998388 2.63216
0.933198 -0.355545 -0.0522377 70.2322 0.354432 0.934615 -0.0295318 30.4292 0.059322 0.00904431 0.998198 2.70074
0.935221 -0.349786 -0.0548814 71.5622 0.348355 0.936743 -0.0340855 30.9932 0.0633324 0.0127592 0.997911 2.85316
0.936966 -0.343963 -0.0615181 72.9658 0.3426 0.938943 -0.0318111 31.5056 0.0687038 0.00872981 0.997599 2.96208
0.940956 -0.336348 -0.038376 74.4966 0.335763 0.941713 -0.0209718 32.0302 0.043193 0.00684832 0.999043 2.94311
0.94263 -0.329975 -0.0506447 75.9426 0.32939 0.943988 -0.0197367 32.5962 0.0543206 0.00192254 0.998522 3.01925
0.94399 -0.325884 -0.0517992 77.3261 0.325035 0.94539 -0.0242812 33.083 0.0568833 0.00608466 0.998362 3.15699
0.915612 -0.397596 -0.0597593 78.6637 0.397644 0.917466 -0.0115997 33.6214 0.0594392 -0.0131421 0.998145 3.32358
0.807648 -0.587163 -0.0542537 79.9398 0.587574 0.809112 -0.00972904 34.3499 0.0496098 -0.0240204 0.99848 3.33485
0.795973 -0.602426 -0.0592434 81.0132 0.603064 0.797648 -0.008452 35.1923 0.0523471 -0.029 0.998208 3.46144
0.75784 -0.649682 -0.0599312 82.1241 0.650296 0.759597 -0.0112803 36.1362 0.0528522 -0.0304243 0.998139 3.53353
0.472818 -0.879869 -0.0476726 82.8989 0.88038 0.473984 -0.0164464 37.3504 0.0370667 -0.0341939 0.998728 3.4866
0.453001 -0.889907 -0.0534369 83.5421 0.890641 0.454391 -0.0169408 38.5717 0.039357 -0.0399189 0.998428 3.62499
0.370079 -0.926553 -0.0673898 84.2319 0.928939 0.369912 0.0153963 39.8497 0.0106628 -0.0682989 0.997608 3.65737
-0.342339 -0.937379 -0.0642193 83.9604 0.939134 -0.343476 0.00723448 41.6365 -0.0288392 -0.0578338 0.99791 3.6375
-0.343347 -0.937184 -0.0616411 83.3679 0.938815 -0.344364 0.00638638 43.021 -0.0272122 -0.0556768 0.998078 3.60756
-0.418837 -0.906038 -0.060581 82.7713 0.907562 -0.419886 0.00516169 44.3597 -0.0301138 -0.0528191 0.99815 3.51637
-0.423107 -0.904099 -0.0598829 82.1239 0.905628 -0.424059 0.00356477 45.6969 -0.0286168 -0.0527234 0.998199 3.42444
-0.423591 -0.904055 -0.0570467 81.4791 0.905547 -0.424245 -0.00071842 47.0641 -0.0235523 -0.0519628 0.998371 3.39413
-0.417435 -0.907207 -0.0521953 80.8069 0.908488 -0.417905 -0.00208011 48.3997 -0.0199256 -0.0482871 0.998635 3.37165
-0.406944 -0.912044 -0.0507189 80.1744 0.913187 -0.407539 0.00151836 49.7718 -0.0220547 -0.0456979 0.998712 3.33611
-0.399419 -0.915932 -0.0391483 79.4805 0.916733 -0.399417 -0.00822345 51.2034 -0.00810436 -0.0391731 0.9992 3.36888
-0.391547 -0.919806 -0.0254448 78.8309 0.920091 -0.391703 0.00128672 52.5591 -0.0111503 -0.0229077 0.999675 3.33847
-0.383787 -0.922104 -0.0493237 78.2817 0.923319 -0.383993 -0.00560553 54.0278 -0.0137711 -0.0476928 0.998767 3.32033
-0.376842 -0.925245 -0.0437362 77.6928 0.926054 -0.377367 0.00414942 55.3761 -0.0203439 -0.0389385 0.999035 3.23227
-0.372779 -0.925935 -0.0606695 77.1943 0.927592 -0.373588 0.00217576 56.7707 -0.02468 -0.0554654 0.998156 3.12316
-0.364191 -0.929413 -0.0596358 76.6223 0.93113 -0.364674 -0.00295999 58.1537 -0.0189966 -0.0566067 0.998216 3.20648
-0.357023 -0.932389 -0.0564345 76.0224 0.934004 -0.357182 -0.00758182 59.5973 -0.0130882 -0.0554169 0.998378 3.13657
-0.350102 -0.934934 -0.0576742 75.4445 0.93641 -0.350888 0.00378659 61.066 -0.0237774 -0.052681 0.998328 3.1013
-0.34432 -0.937152 -0.056482 74.8689 0.938715 -0.344674 -0.00365755 62.5578 -0.0160402 -0.0542799 0.998397 3.10648
-0.338053 -0.939608 -0.0534504 74.3358 0.941001 -0.338393 -0.00283948 64.108 -0.0154192 -0.0512567 0.998566 3.08713
-0.330216 -0.942377 -0.0536851 73.8341 0.943812 -0.330449 -0.00473802 65.5146 -0.0132752 -0.0522332 0.998547 2.97627
-0.323927 -0.945519 -0.0326415 73.2255 0.946012 -0.324129 0.000944979 66.8972 -0.0114735 -0.0305731 0.999467 3.07871
-0.316744 -0.948012 -0.0307667 72.7006 0.948499 -0.316736 -0.00526542 68.3558 -0.00475323 -0.03085 0.999513 3.13859
-0.311359 -0.949762 -0.0317348 72.183 0.950291 -0.311247 -0.00851411 69.8686 -0.00179098 -0.0328082 0.99946 3.13461
-0.30475 -0.952092 -0.0254677 71.702 0.952231 -0.305127 0.0124124 71.3178 -0.0195886 -0.0204684 0.999599 2.99618
-0.391724 -0.919795 -0.0230041 71.0559 0.920022 -0.391864 0.00171512 72.6511 -0.010592 -0.0204924 0.999734 3.06647
-0.385843 -0.922143 -0.0278889 70.5011 0.922499 -0.385999 0.000223938 74.0254 -0.0109716 -0.0256411 0.999611 3.14118
-0.397043 -0.917691 -0.0141205 69.8401 0.917796 -0.397038 -0.00322056 75.4367 -0.00265091 -0.0142384 0.999895 3.12498
-0.403461 -0.914552 -0.0285366 69.2598 0.914956 -0.403542 -0.00311096 76.8464 -0.00867057 -0.0273649 0.999588 3.1405
-0.409925 -0.911768 -0.025305 68.649 0.912109 -0.409892 -0.00673117 78.197 -0.00423504 -0.0258402 0.999657 3.19291
-0.423043 -0.905858 -0.0213495 68.0071 0.906085 -0.423087 -0.00262527 79.4783 -0.00665458 -0.0204551 0.999769 3.11102
-0.42402 -0.905446 -0.0193337 67.3283 0.905637 -0.424041 -0.0032022 80.8893 -0.00529886 -0.0188671 0.999808 3.11952
-0.396769 -0.917712 -0.0194849 66.6711 0.917917 -0.396718 -0.006545 82.2822 -0.00172358 -0.0204823 0.999789 3.14024
-0.391881 -0.919903 -0.0144148 66.0497 0.920013 -0.391873 -0.00350736 83.6898 -0.00242236 -0.0146363 0.99989 3.1635
-0.403022 -0.915121 -0.0112794 65.4311 0.91519 -0.402991 -0.00495804 85.0802 -8.27201e-06 -0.012321 0.999924 3.18008
-0.39876 -0.91704 -0.00523008 64.8126 0.917024 -0.398787 0.00592784 86.3738 -0.00752175 -0.00243233 0.999969 3.02112
-0.394031 -0.918638 -0.0290611 64.2859 0.919074 -0.394049 -0.00531882 87.8299 -0.00656545 -0.0288051 0.999563 2.94207
-0.390599 -0.920227 -0.0248145 63.6288 0.920557 -0.390534 -0.00761216 89.2161 -0.002686 -0.0258165 0.999663 2.99796
-0.387612 -0.921564 -0.0218544 63.0314 0.921821 -0.387541 -0.00757626 90.6359 -0.00148745 -0.0230825 0.999732 3.04553
-0.382031 -0.923975 -0.0179462 62.4352 0.92415 -0.381956 -0.00752683 91.9672 9.99235e-05 -0.0194605 0.999811 3.12463
-0.511005 -0.859334 -0.0204803 61.6994 0.859577 -0.510824 -0.0136416 93.2668 0.00126088 -0.0245753 0.999697 3.09263
-0.82822 -0.559954 -0.0224012 60.6617 0.560331 -0.828091 -0.0171585 94.2062 -0.00894229 -0.0267631 0.999602 3.16117
-0.980945 -0.193552 -0.0168481 59.0232 0.193836 -0.980881 -0.0173276 94.6384 -0.0131722 -0.0202632 0.999708 3.1325
-0.997176 -0.0733428 -0.0161204 57.2487 0.0735736 -0.997188 -0.0142184 94.8606 -0.0150322 -0.0153643 0.999769 3.13753
-0.911703 0.410586 -0.014708 55.8081 -0.410422 -0.911803 -0.0129956 94.313 -0.0187466 -0.00581165 0.999807 3.12113
-0.902408 0.430656 -0.0139435 54.4192 -0.430624 -0.902516 -0.00539217 93.7045 -0.0149064 0.00113845 0.999888 3.09902
-0.873966 0.485795 -0.0136587 53.1518 -0.485828 -0.874054 -0.00104595 92.9583 -0.0124466 0.00572167 0.999906 3.12046
-0.881198 0.472632 -0.0104076 51.9196 -0.47266 -0.881245 0.000280516 92.2411 -0.0090391 0.00516647 0.999946 3.05916
-0.898039 0.439822 -0.00912344 50.5896 -0.439837 -0.898077 -0.000327006 91.6065 -0.00833738 0.00371916 0.999958 3.14252
-0.905589 0.424118 -0.00576842 49.2403 -0.424113 -0.905607 -0.00210672 90.9591 -0.00611742 0.000538641 0.999981 3.13652
-0.911484 0.411308 -0.0047356 47.858 -0.411326 -0.911481 0.00369654 90.3523 -0.00279599 0.00531722 0.999982 3.08559
-0.91464 0.404269 -0.000502022 46.4548 -0.404269 -0.914637 0.00211468 89.6609 0.000395734 0.00213713 0.999998 3.05991
-0.912502 0.409069 0.00190821 45.0581 -0.409051 -0.912491 0.00611649 89.0397 0.00424329 0.00480075 0.999979 3.02975
-0.912408 0.409254 0.00489057 43.716 -0.409217 -0.91241 0.00705004 88.4143 0.00734746 0.00443121 0.999963 3.08032
-0.913738 0.40619 0.00966716 42.2989 -0.406192 -0.913786 0.00182659 87.7993 0.00957565 -0.0022577 0.999952 3.06837
-0.917375 0.397949 0.00778659 41.0675 -0.397821 -0.917355 0.0140896 87.1851 0.01275 0.00982774 0.99987 3.22812
-0.920298 0.39109 0.0100217 39.6799 -0.390924 -0.920297 0.0152328 86.5794 0.0151803 0.010101 0.999834 3.26732
-0.921612 0.387539 0.0211032 38.2033 -0.387471 -0.921852 0.00737535 85.9051 0.0223122 -0.00137965 0.99975 3.27034
-0.918079 0.395722 0.0231531 36.7978 -0.395468 -0.918359 0.0148822 85.3609 0.0271521 0.00450677 0.999621 3.32728
-0.909532 0.414841 0.0256667 35.4522 -0.414655 -0.909894 0.0124336 84.7213 0.0285119 0.000665889 0.999593 3.37229
-0.907182 0.419815 0.0278743 34.0386 -0.419486 -0.907602 0.0170349 84.1084 0.0324503 0.00376081 0.999466 3.54864
-0.908011 0.41732 0.0368685 32.6832 -0.417105 -0.908755 0.0137131 83.4485 0.0392271 -0.00292643 0.999226 3.53436
-0.908105 0.416893 0.0393153 31.3585 -0.416498 -0.908955 0.0181559 82.8456 0.0433049 0.000112775 0.999062 3.71127
-0.907188 0.418141 0.0465574 30.0209 -0.417812 -0.908373 0.0170666 82.2493 0.0494278 -0.00396964 0.99877 3.82965
-0.910326 0.410853 0.0500548 28.7421 -0.410385 -0.911698 0.0197804 81.6465 0.0537617 -0.00253507 0.998551 3.96969
-0.913186 0.403878 0.0545345 27.3637 -0.403235 -0.914812 0.0228059 81.0155 0.0590996 -0.00116423 0.998251 4.01759
-0.91638 0.396351 0.0561592 26.0484 -0.395347 -0.918091 0.0284616 80.3612 0.06284 0.00387931 0.998016 4.0923
-0.905666 0.419825 0.0592896 24.6881 -0.418697 -0.9076 0.0309084 79.716 0.0667874 0.00316834 0.997762 4.09483
-0.905486 0.420346 0.05834 23.4142 -0.419274 -0.907359 0.0301287 79.1062 0.0655998 0.00282067 0.997842 4.21847
-0.909341 0.411598 0.0607218 22.0495 -0.410617 -0.911365 0.028406 78.5253 0.0670316 0.00089727 0.99775 4.30822
-0.911334 0.406443 0.0653815 20.7805 -0.404968 -0.91366 0.0350186 77.8681 0.0739695 0.00543617 0.997246 4.41108
-0.916437 0.396463 0.0544047 19.3866 -0.396672 -0.917931 0.00736726 77.3427 0.0528606 -0.0148292 0.998492 4.54148
-0.919137 0.389598 0.0583124 17.9834 -0.389496 -0.920928 0.0135769 76.754 0.0589911 -0.0102334 0.998206 4.60794
-0.921779 0.382882 0.0610305 16.5906 -0.382709 -0.923748 0.0149601 76.2003 0.0621047 -0.00956705 0.998024 4.70606
-0.923524 0.377623 0.0671098 15.2377 -0.377355 -0.92591 0.0171227 75.6147 0.0686036 -0.00951097 0.997599 4.8918
-0.927365 0.371129 0.0475098 13.8675 -0.370069 -0.928527 0.0297668 74.9608 0.0551615 0.0100228 0.998427 4.82124
-0.929334 0.365419 0.052977 12.54 -0.364353 -0.930812 0.0288945 74.4053 0.0598702 0.00755032 0.998178 4.97787
-0.932112 0.357376 0.0587391 11.1095 -0.356538 -0.933959 0.0245431 73.8931 0.063631 0.00193417 0.997972 5.09252
-0.934988 0.347604 0.070484 9.70054 -0.346682 -0.937641 0.0253201 73.4116 0.0748901 -0.000761484 0.997191 5.23272
-0.936515 0.343858 0.0685599 8.31663 -0.342742 -0.939018 0.0278035 72.8171 0.0739394 0.00254012 0.997259 5.33672
-0.939665 0.335745 0.065612 6.83385 -0.335026 -0.941952 0.0220067 72.2681 0.069192 -0.0013028 0.997603 5.43431
-0.940609 0.332256 0.0697251 5.38276 -0.331198 -0.943187 0.0265626 71.7268 0.0745894 0.00189221 0.997213 5.50199
-0.900985 0.429557 0.0608834 4.07341 -0.430311 -0.90268 0.0007988 71.1243 0.0553014 -0.0254791 0.998145 5.64162
-0.88019 0.469102 0.072177 2.80192 -0.468996 -0.882986 0.0194635 70.469 0.0728616 -0.0167191 0.997202 5.77761
-0.876963 0.475372 0.0704062 1.62051 -0.475924 -0.879432 0.00978943 69.7751 0.0665711 -0.0249231 0.99747 5.92999
-0.889507 0.450884 0.0740386 0.324963 -0.451111 -0.892349 0.0145758 69.1342 0.0726402 -0.0204344 0.997149 6.06631
-0.900387 0.428087 0.0777438 -0.935773 -0.428617 -0.903424 0.010581 68.508 0.0747653 -0.0237953 0.996917 6.20783
-0.895368 0.428898 0.119845 -2.24937 -0.430555 -0.90247 0.0130391 67.8888 0.113749 -0.039925 0.992707 6.40105
-0.895614 0.427261 0.123792 -3.56105 -0.428489 -0.90337 0.0178831 67.2625 0.11947 -0.0370271 0.992147 6.54172
-0.898642 0.419584 0.128031 -4.8983 -0.421276 -0.906811 0.0148947 66.6848 0.122349 -0.0405512 0.991658 6.69937
-0.900467 0.414491 0.131746 -6.17359 -0.419959 -0.907411 -0.015523 66.1668 0.113113 -0.0693056 0.991162 6.9452
-0.903153 0.417397 0.100469 -7.42417 -0.418698 -0.908083 0.00879349 65.4379 0.0949046 -0.0341242 0.994901 6.87916
-0.903256 0.415531 0.107068 -8.74225 -0.418015 -0.90844 -0.000844689 64.8621 0.0969141 -0.0455192 0.994251 7.01011
-0.905194 0.408708 0.116541 -9.99779 -0.411227 -0.911529 0.00265035 64.2585 0.107313 -0.0455257 0.993182 7.18048
-0.907231 0.403257 0.119648 -11.2917 -0.406204 -0.913782 -0.000267325 63.6602 0.109224 -0.0488441 0.992816 7.37981
-0.910319 0.396202 0.119763 -12.5381 -0.398807 -0.917032 0.00240789 63.0578 0.110781 -0.0455705 0.9928 7.53196
-0.911306 0.391014 0.128956 -13.8224 -0.394211 -0.91902 0.000801509 62.5111 0.118827 -0.0501055 0.99165 7.71847
-0.91251 0.386966 0.132598 -15.1437 -0.390189 -0.920733 0.00182024 61.9294 0.122792 -0.0500775 0.991168 7.91836
-0.898977 0.414687 0.140979 -16.4066 -0.419069 -0.907953 -0.00153736 61.3506 0.127365 -0.060462 0.990011 8.10459
-0.89711 0.41582 0.149291 -17.733 -0.422278 -0.906373 -0.0130068 60.7636 0.129905 -0.074711 0.988708 8.23886
-0.904176 0.399035 0.152436 -19.0701 -0.406466 -0.913451 -0.0197968 60.102 0.131344 -0.07986 0.988115 8.27075
-0.905326 0.395964 0.153613 -20.3253 -0.402907 -0.915106 -0.0157036 59.5799 0.134354 -0.0761086 0.988006 8.57305
-0.907405 0.386497 0.165032 -21.7182 -0.396019 -0.917816 -0.0279795 58.9997 0.140655 -0.0907445 0.985891 8.74002
-0.89694 0.42347 0.127173 -22.8744 -0.426364 -0.904539 0.00489224 58.2915 0.117104 -0.0498337 0.991869 8.92718
-0.807632 0.57236 0.141899 -24.1083 -0.578073 -0.815984 0.00117193 57.6021 0.116458 -0.0810814 0.98988 9.13187
-0.679809 0.718675 0.146172 -25.0412 -0.727046 -0.686565 -0.00571685 56.6382 0.0962477 -0.11016 0.989243 9.30493
-0.552776 0.821107 0.142205 -25.8204 -0.82978 -0.558082 -0.00307592 55.5649 0.0768364 -0.119699 0.989832 9.47736
-0.292655 0.946279 0.137511 -26.3563 -0.955772 -0.293872 -0.011823 54.0636 0.0292229 -0.134889 0.99043 9.4662
0.0953912 0.983154 0.155914 -26.4657 -0.994423 0.101195 -0.0296999 52.1844 -0.0449772 -0.152211 0.987324 9.41585
0.365581 0.919191 0.14642 -26.0448 -0.927651 0.372703 -0.0235866 50.6561 -0.0762519 -0.127204 0.988941 9.31835
0.40058 0.904814 0.144383 -25.3338 -0.912815 0.407742 -0.0226829 49.3514 -0.079395 -0.122709 0.989262 9.26855
0.392701 0.909288 0.137774 -24.7691 -0.917265 0.398075 -0.0127282 47.9593 -0.0664182 -0.121377 0.990382 9.16835
0.36029 0.921646 0.14408 -24.2116 -0.931582 0.363506 0.0042745 46.5506 -0.0484343 -0.135762 0.989557 9.0844
0.344528 0.928186 0.140608 -23.6372 -0.937698 0.347427 0.00416972 45.1507 -0.0449809 -0.133285 0.990057 9.02084
0.384054 0.913135 0.136702 -23.0448 -0.921883 0.387465 0.00179584 43.7527 -0.0513272 -0.126713 0.990611 8.91392
0.380465 0.910434 0.162348 -22.474 -0.923267 0.384026 0.0101023 42.3181 -0.0531482 -0.153734 0.986682 8.8382
0.371954 0.912407 0.170774 -21.9295 -0.926998 0.374667 0.0172849 40.9271 -0.0482125 -0.164736 0.985159 8.73862
0.371187 0.915228 0.156772 -21.3382 -0.926195 0.376966 -0.00777034 39.6246 -0.0662092 -0.142317 0.987604 8.58597
0.379153 0.913055 0.150248 -20.7135 -0.92292 0.384867 -0.00983223 38.2444 -0.066803 -0.134939 0.988599 8.51957
0.372264 0.917121 0.14251 -20.1877 -0.925996 0.377404 -0.00989544 36.8311 -0.0628591 -0.12828 0.989744 8.411
0.395183 0.907758 0.140731 -19.5499 -0.916434 0.400115 -0.00745143 35.4815 -0.0630727 -0.126026 0.99002 8.36543
0.396929 0.906833 0.141778 -18.993 -0.915632 0.401947 -0.00746092 34.1547 -0.0637532 -0.126855 0.98987 8.19712
0.389717 0.911275 0.133032 -18.4005 -0.91886 0.394452 -0.0102115 32.8326 -0.0617801 -0.118258 0.991059 8.10722
0.382374 0.914243 0.13398 -17.8396 -0.922032 0.387002 -0.00934776 31.399 -0.0603965 -0.119959 0.99094 7.95644
0.410072 0.900223 0.146425 -17.241 -0.909887 0.414851 -0.00231288 30.0278 -0.0628266 -0.132282 0.989219 7.90618
0.413204 0.901424 0.129215 -16.5851 -0.908495 0.417791 -0.00938807 28.7071 -0.0624476 -0.113512 0.991572 7.83065
0.390613 0.910896 0.133003 -15.9585 -0.918623 0.395059 -0.00775714 27.3823 -0.0596099 -0.119149 0.991085 7.7818
0.374859 0.91966 0.117072 -15.4074 -0.925339 0.378898 -0.0135446 26.0703 -0.0568146 -0.103254 0.993031 7.63709
0.394543 0.910046 0.127091 -14.8357 -0.91705 0.398693 -0.00796961 24.6993 -0.0579229 -0.113404 0.991859 7.55055
0.407695 0.902777 0.137036 -14.2469 -0.911721 0.41076 0.00641729 23.2932 -0.0504954 -0.127555 0.990545 7.59954
0.410611 0.901104 0.13932 -13.6415 -0.910287 0.41394 0.00554007 22.0019 -0.0526781 -0.129097 0.990232 7.44363
0.407814 0.902114 0.140986 -13.023 -0.911573 0.411089 0.00640734 20.6777 -0.0521778 -0.131132 0.989991 7.38163
0.403609 0.904277 0.139221 -12.3703 -0.913756 0.406107 0.0112509 19.2787 -0.0463649 -0.131755 0.990197 7.3671
0.395683 0.90639 0.147958 -11.7559 -0.917392 0.397591 0.0177319 17.8852 -0.0427546 -0.142751 0.988835 7.29063
0.390799 0.908854 0.14581 -11.1477 -0.919562 0.392539 0.0178532 16.4787 -0.04101 -0.141058 0.989152 7.21609
0.383696 0.911465 0.14835 -10.5511 -0.922342 0.386154 0.0130316 15.1692 -0.0454081 -0.14183 0.988849 7.1075
0.380194 0.912633 0.150181 -9.92577 -0.923974 0.38206 0.0173731 13.7241 -0.0415229 -0.145369 0.988506 7.0851
0.37195 0.916452 0.147544 -9.3537 -0.927415 0.373641 0.0171367 12.3325 -0.0394235 -0.143209 0.988907 7.00624
0.363963 0.916546 0.165755 -8.85224 -0.9309 0.363865 0.03206 10.8012 -0.0309279 -0.16597 0.985646 7.03405
0.359284 0.920598 0.153019 -8.28466 -0.932887 0.358729 0.0321942 9.36269 -0.0252543 -0.154316 0.987699 6.94915
0.430721 0.890804 0.144734 -7.68201 -0.901037 0.433545 0.0130752 8.11938 -0.0511014 -0.136043 0.989384 6.71838
0.434129 0.890137 0.138524 -7.03884 -0.899871 0.435668 0.0206153 6.81827 -0.0420001 -0.133604 0.990144 6.62895
0.416596 0.898231 0.140101 -6.36848 -0.908248 0.417875 0.021592 5.49641 -0.0391501 -0.136242 0.989902 6.66946
0.422643 0.895675 0.138345 -5.74087 -0.905635 0.423216 0.0267209 4.15686 -0.0346165 -0.136583 0.990024 6.56752
0.445046 0.885055 0.136424 -5.0195 -0.894684 0.445979 0.0253618 2.81676 -0.0383955 -0.133343 0.990326 6.57899
0.456571 0.881252 0.122219 -4.32613 -0.889382 0.455686 0.0367467 1.51084 -0.0233101 -0.125476 0.991823 6.57132
0.680644 0.719641 0.137261 -3.48736 -0.729169 0.683596 0.0317715 0.432602 -0.0709673 -0.121712 0.990025 6.38433
0.88614 0.443226 0.135307 -2.26661 -0.450272 0.892536 0.0251999 -0.303627 -0.109597 -0.0832555 0.990483 6.34115
0.982356 0.127652 0.13668 -0.787567 -0.132067 0.990957 0.0237015 -0.623289 -0.132419 -0.0413343 0.990332 6.05544
0.975937 -0.164644 0.142967 0.853697 0.164439 0.986297 0.0133341 -0.478432 -0.143204 0.0104961 0.989638 5.82065
