1 -1.29198e-07 -1.92152e-09 1.50861e-05 1.29198e-07 1 -3.18034e-08 -4.04904e-05 1.92152e-09 3.18034e-08 1 -1.67968e-06
0.90675 -0.42165 -0.00392487 1.71776 0.421645 0.906759 -0.0021459 0.296994 0.00446373 0.000290893 0.99999 -0.00998115
0.935909 -0.352113 -0.00953081 3.15963 0.352073 0.935956 -0.0056059 0.862931 0.0108943 0.00189107 0.999939 0.00304259
0.94433 -0.328786 -0.0118524 4.63592 0.328723 0.9444 -0.00700924 1.39991 0.013498 0.00272287 0.999905 0.0276092
0.909614 -0.415359 -0.0089069 6.05461 0.415217 0.90961 -0.0143188 1.96359 0.0140493 0.00932633 0.999858 0.0612512
0.93186 -0.362538 -0.0142489 7.44682 0.362433 0.931962 -0.00945176 2.56648 0.016706 0.00364345 0.999854 0.0838845
0.908347 -0.4178 -0.01868 8.87283 0.417748 0.908538 -0.00678641 3.16467 0.0198069 -0.00163913 0.999802 0.112155
0.897369 -0.440837 -0.0197942 10.2381 0.440733 0.897587 -0.00957205 3.84065 0.0219867 -0.00013429 0.999758 0.140272
0.896503 -0.44253 -0.0212119 11.5932 0.44246 0.896751 -0.00811469 4.51 0.0226127 -0.00211056 0.999742 0.180499
0.897584 -0.440379 -0.0202313 12.8964 0.440183 0.897806 -0.0135464 5.18065 0.0241294 0.00325355 0.999704 0.220868
0.899312 -0.436499 -0.0265645 14.2104 0.4367 0.899605 0.00200428 5.79481 0.0230227 -0.0134032 0.999645 0.309005
0.901119 -0.433238 -0.0170398 15.4531 0.433063 0.901269 -0.0130968 6.46693 0.0210314 0.00442246 0.999769 0.198362
0.903669 -0.427668 -0.0219825 16.7663 0.427545 0.903936 -0.0102454 7.08848 0.0242524 -0.000140039 0.999706 0.341367
0.906113 -0.422639 -0.0182975 18.0716 0.42242 0.906281 -0.0147181 7.74518 0.0228031 0.00560698 0.999724 0.294807
0.908255 -0.417526 -0.0273047 19.4332 0.41742 0.908662 -0.00974107 8.40058 0.0288779 -0.00255015 0.99958 0.332088
0.910437 -0.413221 -0.0187995 20.7951 0.41267 0.910469 -0.0273941 9.03069 0.0284362 0.0171826 0.999448 0.401321
0.913744 -0.405398 -0.0269123 22.1576 0.405041 0.914124 -0.0178662 9.6774 0.0318441 0.00542459 0.999478 0.381454
0.916708 -0.39875 -0.0254071 23.4724 0.398199 0.916981 -0.0241793 10.269 0.0329393 0.0120482 0.999385 0.493234
0.918905 -0.394014 -0.0191525 24.8975 0.393653 0.919039 -0.0201199 10.8965 0.0255294 0.0109489 0.999614 0.517562
0.922043 -0.386506 -0.0212102 26.2834 0.385894 0.922119 -0.0279654 11.5012 0.0303671 0.0176004 0.999384 0.534995
0.923912 -0.381751 -0.0255554 27.7209 0.381285 0.924211 -0.0213342 12.0676 0.031763 0.00996707 0.999446 0.570795
0.92677 -0.374665 -0.0269039 29.1446 0.374246 0.927127 -0.0194002 12.6712 0.0322119 0.00791086 0.99945 0.590024
0.929578 -0.367935 -0.0225527 30.4959 0.367566 0.929805 -0.0188948 13.2158 0.0279217 0.00927458 0.999567 0.721267
0.932075 -0.361089 -0.0291771 31.9594 0.360854 0.93253 -0.0131397 13.8116 0.0319532 0.00171849 0.999488 0.72282
0.933621 -0.357496 -0.0234133 33.2904 0.356791 0.933717 -0.0295571 14.3516 0.0324279 0.0192415 0.999289 0.879196
0.936156 -0.350447 -0.0282564 34.6981 0.349746 0.936457 -0.026958 14.8906 0.0359083 0.0153543 0.999237 0.936156
0.938652 -0.343817 -0.026886 36.1424 0.343141 0.938901 -0.0268085 15.3968 0.0344606 0.0159381 0.999279 1.09154
0.940543 -0.338406 -0.029344 37.5845 0.337674 0.940869 -0.0272455 15.9554 0.0368289 0.0157168 0.999198 1.0713
0.942871 -0.331986 -0.0279138 38.9303 0.331108 0.943055 -0.0318464 16.5173 0.0368968 0.0207845 0.999103 1.17889
0.944424 -0.326938 -0.0342803 40.4031 0.326709 0.945046 -0.0122395 17.0003 0.0363981 0.000359584 0.999337 1.08645
0.946397 -0.320079 -0.0433865 41.8964 0.319874 0.947387 -0.0117661 17.5283 0.0448699 -0.00274287 0.998989 1.08312
0.948789 -0.31411 -0.0336903 43.2641 0.313395 0.949297 -0.0248724 17.9813 0.0397948 0.0130402 0.999123 1.26778
0.89656 -0.441586 -0.0343879 44.5567 0.441385 0.897214 -0.0136354 18.5669 0.0368745 -0.00295336 0.999316 1.43502
0.891635 -0.451485 -0.0338924 45.857 0.451078 0.892277 -0.0192514 19.2951 0.0389331 0.00187707 0.99924 1.42937
0.891217 -0.452198 -0.0353389 47.1974 0.451471 0.891882 -0.0268474 19.9694 0.0436585 0.00797238 0.999015 1.48152
0.892005 -0.450205 -0.0405161 48.4782 0.450023 0.892907 -0.0140282 20.627 0.0424927 -0.00571997 0.99908 1.57616
0.895106 -0.444318 -0.0369626 49.8156 0.444118 0.895861 -0.0139073 21.3001 0.0392926 -0.00396721 0.99922 1.55323
0.897568 -0.439096 -0.039577 51.1397 0.438653 0.89844 -0.0197161 21.9616 0.0442148 0.000335996 0.999022 1.59656
0.900051 -0.433599 -0.0435838 52.4629 0.433435 0.901082 -0.0136426 22.6008 0.045188 -0.00661166 0.998957 1.65264
0.902874 -0.427681 -0.0436816 53.7498 0.427146 0.90393 -0.0213941 23.2701 0.0486349 0.000657752 0.998816 1.7073
0.905483 -0.421605 -0.0484656 55.083 0.421312 0.906764 -0.0166049 23.9076 0.0509475 -0.00538371 0.998687 1.75876
0.909635 -0.41331 -0.0416943 56.4829 0.413405 0.910522 -0.00671228 24.5244 0.0407378 -0.0111309 0.999108 1.80336
0.911952 -0.40783 -0.0449187 57.8596 0.407854 0.913002 -0.00903486 25.1264 0.0446955 -0.0100809 0.99895 1.87265
0.913914 -0.403803 -0.0412781 59.1912 0.40348 0.914844 -0.0162419 25.7615 0.0443215 -0.00181117 0.999016 1.95453
0.916783 -0.396601 -0.047078 60.5498 0.396337 0.917979 -0.0152013 26.3722 0.0492455 -0.0047225 0.998776 2.07688
0.91973 -0.389936 -0.0452339 61.8724 0.388878 0.920782 -0.030567 26.9954 0.0535698 0.0105229 0.998509 2.20807
0.921151 -0.385886 -0.0507273 63.2189 0.384904 0.922523 -0.0282763 27.5911 0.0577086 0.00652161 0.998312 2.28467
0.924197 -0.378117 -0.0537353 64.5644 0.376947 0.925721 -0.0308417 28.1384 0.0614057 0.00824843 0.998079 2.4286
0.925798 -0.374225 -0.0534208 65.9577 0.37329 0.927325 -0.0268971 28.7284 0.059604 0.00495983 0.99821 2.4933
0.92772 -0.368996 -0.0563714 67.3567 0.368528 0.929425 -0.0188532 29.2778 0.0593498 -0.00328395 0.998232 2.5456
0.931222 -0.360947 -0.0504185 68.7832 0.360056 0.932566 -0.0260755 29.8685 0.0564305 0.00612858 0.998388 2.63216
0.933198 -0.355546 -0.0522377 70.2322 0.354433 0.934615 -0.0295319 30.4292 0.059322 0.00904435 0.998198 2.70074
0.935221 -0.349786 -0.0548814 71.5622 0.348355 0.936743 -0.0340855 30.9932 0.0633324 0.0127593 0.997911 2.85316
0.936966 -0.343963 -0.0615181 72.9658 0.3426 0.938943 -0.0318112 31.5056 0.0687038 0.00872985 0.997599 2.96208
0.940955 -0.336348 -0.038376 74.4966 0.335764 0.941713 -0.0209719 32.0301 0.043193 0.00684836 0.999043 2.94311
0.94263 -0.329976 -0.0506447 75.9426 0.32939 0.943988 -0.0197368 32.5962 0.0543206 0.00192257 0.998522 3.01925
0.94399 -0.325884 -0.0517992 77.3261 0.325035 0.94539 -0.0242813 33.0829 0.0568833 0.0060847 0.998362 3.15699
0.915612 -0.397597 -0.0597593 78.6637 0.397645 0.917466 -0.0115998 33.6214 0.0594392 -0.0131421 0.998145 3.32358
0.807648 -0.587164 -0.0542537 79.9398 0.587574 0.809112 -0.00972909 34.3498 0.0496099 -0.0240204 0.99848 3.33485
0.795973 -0.602426 -0.0592434 81.0132 0.603064 0.797648 -0.00845206 35.1923 0.0523471 -0.029 0.998208 3.46144
0.75784 -0.649682 -0.0599312 82.124 0.650296 0.759597 -0.0112804 36.1362 0.0528522 -0.0304243 0.998139 3.53353
0.472818 -0.87987 -0.0476726 82.8989 0.88038 0.473984 -0.0164464 37.3504 0.0370667 -0.0341938 0.998728 3.4866
0.453 -0.889907 -0.0534369 83.5421 0.890641 0.454391 -0.0169408 38.5716 0.039357 -0.0399189 0.998428 3.62499
0.370079 -0.926553 -0.0673898 84.2318 0.928939 0.369912 0.0153963 39.8497 0.0106628 -0.0682989 0.997608 3.65737
-0.342339 -0.937379 -0.0642193 83.9604 0.939134 -0.343476 0.00723442 41.6365 -0.0288392 -0.0578339 0.99791 3.6375
-0.343347 -0.937184 -0.0616411 83.3679 0.938814 -0.344364 0.00638633 43.021 -0.0272122 -0.0556768 0.998078 3.60756
-0.418837 -0.906038 -0.060581 82.7712 0.907562 -0.419886 0.00516164 44.3596 -0.0301138 -0.0528191 0.99815 3.51637
-0.423108 -0.904099 -0.0598829 82.1239 0.905627 -0.424059 0.00356471 45.6969 -0.0286168 -0.0527234 0.998199 3.42444
-0.423592 -0.904055 -0.0570467 81.479 0.905547 -0.424245 -0.000718476 47.064 -0.0235522 -0.0519628 0.998371 3.39412
-0.417435 -0.907206 -0.0521953 80.8069 0.908488 -0.417905 -0.00208017 48.3997 -0.0199255 -0.0482871 0.998635 3.37165
-0.406944 -0.912044 -0.0507188 80.1743 0.913187 -0.407539 0.0015183 49.7718 -0.0220547 -0.0456979 0.998712 3.33611
-0.399419 -0.915932 -0.0391483 79.4805 0.916733 -0.399417 -0.0082235 51.2033 -0.00810432 -0.0391732 0.9992 3.36888
-0.391547 -0.919806 -0.0254448 78.8309 0.92009 -0.391704 0.00128667 52.5591 -0.0111503 -0.0229077 0.999675 3.33846
-0.383787 -0.922104 -0.0493237 78.2816 0.923319 -0.383993 -0.00560559 54.0278 -0.013771 -0.0476929 0.998767 3.32032
-0.376842 -0.925245 -0.0437362 77.6928 0.926054 -0.377368 0.00414937 55.3761 -0.0203438 -0.0389385 0.999035 3.23227
-0.372779 -0.925935 -0.0606695 77.1943 0.927592 -0.373588 0.00217571 56.7707 -0.02468 -0.0554655 0.998156 3.12316
-0.364191 -0.929413 -0.0596358 76.6222 0.93113 -0.364674 -0.00296004 58.1537 -0.0189966 -0.0566067 0.998216 3.20648
-0.357023 -0.932389 -0.0564345 76.0224 0.934004 -0.357182 -0.00758188 59.5973 -0.0130881 -0.0554169 0.998378 3.13657
-0.350102 -0.934934 -0.0576742 75.4445 0.93641 -0.350888 0.00378654 61.066 -0.0237774 -0.0526811 0.998328 3.10131
-0.34432 -0.937152 -0.056482 74.8689 0.938715 -0.344674 -0.0036576 62.5578 -0.0160402 -0.0542799 0.998397 3.10648
-0.338053 -0.939608 -0.0534504 74.3358 0.941001 -0.338393 -0.00283953 64.108 -0.0154192 -0.0512568 0.998566 3.08713
-0.330217 -0.942377 -0.0536851 73.8341 0.943812 -0.330449 -0.00473807 65.5146 -0.0132751 -0.0522332 0.998547 2.97628
-0.323927 -0.945519 -0.0326415 73.2255 0.946012 -0.324129 0.000944927 66.8972 -0.0114735 -0.0305732 0.999467 3.07871
-0.316744 -0.948012 -0.0307667 72.7006 0.948499 -0.316736 -0.00526547 68.3557 -0.00475318 -0.03085 0.999513 3.1386
-0.311359 -0.949762 -0.0317348 72.183 0.950291 -0.311247 -0.00851416 69.8686 -0.00179094 -0.0328082 0.99946 3.13462
-0.30475 -0.952092 -0.0254677 71.702 0.952231 -0.305127 0.0124124 71.3178 -0.0195886 -0.0204684 0.999599 2.99618
-0.391724 -0.919795 -0.0230041 71.0559 0.920021 -0.391864 0.00171507 72.6511 -0.010592 -0.0204924 0.999734 3.06647
-0.385843 -0.922143 -0.0278889 70.501 0.922499 -0.385999 0.000223889 74.0254 -0.0109715 -0.0256411 0.999611 3.14119
-0.397043 -0.917691 -0.0141205 69.8401 0.917796 -0.397039 -0.0032206 75.4367 -0.00265087 -0.0142385 0.999895 3.12498
-0.403461 -0.914552 -0.0285366 69.2598 0.914956 -0.403542 -0.00311101 76.8464 -0.00867054 -0.0273649 0.999588 3.14051
-0.409926 -0.911768 -0.025305 68.6489 0.912109 -0.409892 -0.00673122 78.197 -0.004235 -0.0258402 0.999657 3.19292
-0.423043 -0.905858 -0.0213495 68.0071 0.906085 -0.423088 -0.00262532 79.4783 -0.00665454 -0.0204551 0.999769 3.11102
-0.42402 -0.905446 -0.0193337 67.3282 0.905637 -0.424041 -0.00320225 80.8893 -0.00529883 -0.0188671 0.999808 3.11953
-0.396769 -0.917712 -0.0194849 66.671 0.917917 -0.396719 -0.00654505 82.2822 -0.00172354 -0.0204824 0.999789 3.14024
-0.391881 -0.919903 -0.0144149 66.0497 0.920013 -0.391873 -0.00350741 83.6898 -0.00242232 -0.0146363 0.99989 3.1635
-0.403022 -0.915121 -0.0112794 65.4311 0.91519 -0.402991 -0.00495809 85.0802 -8.23357e-06 -0.012321 0.999924 3.18008
-0.39876 -0.91704 -0.00523009 64.8126 0.917024 -0.398787 0.00592779 86.3738 -0.00752171 -0.00243235 0.999969 3.02112
-0.394031 -0.918638 -0.0290611 64.2859 0.919074 -0.39405 -0.00531887 87.8299 -0.00656542 -0.0288051 0.999563 2.94207
-0.390599 -0.920226 -0.0248145 63.6288 0.920557 -0.390534 -0.00761221 89.2161 -0.00268596 -0.0258165 0.999663 2.99796
-0.387612 -0.921564 -0.0218544 63.0314 0.921821 -0.387541 -0.00757631 90.6359 -0.00148741 -0.0230825 0.999732 3.04554
-0.382031 -0.923975 -0.0179463 62.4352 0.92415 -0.381957 -0.00752688 91.9672 9.99636e-05 -0.0194605 0.999811 3.12464
-0.511005 -0.859334 -0.0204803 61.6994 0.859577 -0.510824 -0.0136417 93.2668 0.00126092 -0.0245754 0.999697 3.09264
-0.828221 -0.559954 -0.0224012 60.6617 0.560331 -0.828091 -0.0171585 94.2062 -0.00894227 -0.0267632 0.999602 3.16117
-0.980945 -0.193551 -0.0168481 59.0232 0.193836 -0.980881 -0.0173276 94.6384 -0.0131722 -0.0202633 0.999708 3.1325
-0.997176 -0.0733427 -0.0161204 57.2487 0.0735734 -0.997188 -0.0142185 94.8606 -0.0150322 -0.0153644 0.999769 3.13753
-0.911703 0.410586 -0.014708 55.8081 -0.410422 -0.911803 -0.0129956 94.313 -0.0187466 -0.00581169 0.999807 3.12113
-0.902408 0.430656 -0.0139435 54.4192 -0.430624 -0.902515 -0.00539221 93.7046 -0.0149064 0.00113842 0.999888 3.09902
-0.873966 0.485795 -0.0136588 53.1518 -0.485828 -0.874054 -0.00104599 92.9584 -0.0124466 0.00572164 0.999906 3.12046
-0.881198 0.472632 -0.0104077 51.9196 -0.47266 -0.881244 0.000280469 92.2411 -0.00903914 0.00516644 0.999946 3.05916
-0.898039 0.439822 -0.00912345 50.5895 -0.439837 -0.898077 -0.000327053 91.6065 -0.00833741 0.00371913 0.999958 3.14252
-0.905589 0.424118 -0.00576843 49.2402 -0.424113 -0.905607 -0.00210676 90.9591 -0.00611745 0.000538604 0.999981 3.13652
-0.911484 0.411308 -0.00473562 47.858 -0.411326 -0.911481 0.0036965 90.3523 -0.00279602 0.00531718 0.999982 3.08559
-0.91464 0.404269 -0.000502034 46.4548 -0.40427 -0.914637 0.00211464 89.6609 0.000395704 0.00213709 0.999998 3.05992
-0.912502 0.409069 0.0019082 45.0581 -0.409051 -0.912491 0.00611645 89.0398 0.00424326 0.00480071 0.999979 3.02975
-0.912407 0.409254 0.00489056 43.716 -0.409217 -0.91241 0.00705 88.4143 0.00734743 0.00443117 0.999963 3.08032
-0.913737 0.40619 0.00966715 42.2989 -0.406192 -0.913786 0.00182654 87.7993 0.00957562 -0.00225774 0.999952 3.06837
-0.917375 0.397949 0.00778657 41.0675 -0.397821 -0.917355 0.0140895 87.1851 0.01275 0.0098277 0.99987 3.22813
-0.920298 0.39109 0.0100217 39.6799 -0.390924 -0.920297 0.0152327 86.5794 0.0151803 0.010101 0.999834 3.26733
-0.921612 0.387539 0.0211031 38.2033 -0.387471 -0.921852 0.00737531 85.9051 0.0223122 -0.00137969 0.99975 3.27034
-0.918078 0.395722 0.023153 36.7978 -0.395468 -0.918359 0.0148822 85.3609 0.027152 0.00450673 0.999621 3.32728
-0.909532 0.414841 0.0256667 35.4522 -0.414655 -0.909893 0.0124335 84.7213 0.0285119 0.000665853 0.999593 3.37229
-0.907182 0.419815 0.0278743 34.0386 -0.419486 -0.907602 0.0170348 84.1085 0.0324503 0.00376078 0.999466 3.54864
-0.908011 0.41732 0.0368685 32.6832 -0.417105 -0.908755 0.013713 83.4485 0.0392271 -0.00292646 0.999226 3.53436
-0.908105 0.416893 0.0393152 31.3585 -0.416498 -0.908955 0.0181559 82.8456 0.0433049 0.000112736 0.999062 3.71127
-0.907188 0.418141 0.0465574 30.0209 -0.417812 -0.908373 0.0170665 82.2493 0.0494277 -0.00396968 0.99877 3.82965
-0.910326 0.410853 0.0500547 28.7421 -0.410385 -0.911698 0.0197804 81.6466 0.0537616 -0.00253511 0.998551 3.9697
-0.913186 0.403878 0.0545345 27.3637 -0.403236 -0.914812 0.0228058 81.0155 0.0590995 -0.00116427 0.998251 4.01759
-0.91638 0.396351 0.0561592 26.0484 -0.395347 -0.918091 0.0284616 80.3612 0.06284 0.00387927 0.998016 4.0923
-0.905666 0.419825 0.0592896 24.6881 -0.418697 -0.907599 0.0309084 79.7161 0.0667873 0.0031683 0.997762 4.09483
-0.905486 0.420346 0.05834 23.4142 -0.419274 -0.907359 0.0301286 79.1062 0.0655998 0.00282063 0.997842 4.21847
-0.90934 0.411598 0.0607218 22.0495 -0.410617 -0.911365 0.0284059 78.5254 0.0670316 0.000897228 0.99775 4.30822
-0.911334 0.406443 0.0653815 20.7805 -0.404968 -0.91366 0.0350185 77.8682 0.0739695 0.00543613 0.997246 4.41108
-0.916437 0.396463 0.0544047 19.3866 -0.396672 -0.917931 0.00736722 77.3427 0.0528606 -0.0148292 0.998492 4.54149
-0.919137 0.389598 0.0583124 17.9834 -0.389496 -0.920928 0.0135769 76.754 0.058991 -0.0102334 0.998206 4.60795
-0.921779 0.382882 0.0610305 16.5905 -0.382709 -0.923748 0.01496 76.2003 0.0621047 -0.00956709 0.998024 4.70606
-0.923524 0.377623 0.0671098 15.2377 -0.377355 -0.92591 0.0171227 75.6148 0.0686036 -0.00951101 0.997599 4.89181
-0.927365 0.371129 0.0475098 13.8675 -0.370069 -0.928527 0.0297668 74.9609 0.0551614 0.0100227 0.998427 4.82124
-0.929334 0.365419 0.052977 12.54 -0.364353 -0.930812 0.0288944 74.4053 0.0598702 0.00755028 0.998178 4.97787
-0.932112 0.357377 0.0587391 11.1095 -0.356538 -0.933958 0.0245431 73.8931 0.063631 0.00193413 0.997972 5.09252
-0.934988 0.347605 0.070484 9.70053 -0.346682 -0.937641 0.0253201 73.4117 0.0748901 -0.000761526 0.997191 5.23272
-0.936515 0.343858 0.0685598 8.31662 -0.342742 -0.939018 0.0278035 72.8171 0.0739394 0.00254007 0.997259 5.33672
-0.939665 0.335746 0.065612 6.83384 -0.335026 -0.941952 0.0220067 72.2681 0.069192 -0.00130284 0.997603 5.43432
-0.940609 0.332256 0.0697251 5.38274 -0.331198 -0.943187 0.0265626 71.7268 0.0745894 0.00189216 0.997213 5.50199
-0.900985 0.429557 0.0608834 4.0734 -0.430311 -0.90268 0.000798768 71.1243 0.0553014 -0.0254792 0.998145 5.64162
-0.880189 0.469102 0.072177 2.80191 -0.468996 -0.882986 0.0194635 70.469 0.0728616 -0.0167192 0.997202 5.77761
-0.876963 0.475372 0.0704062 1.6205 -0.475925 -0.879432 0.0097894 69.7752 0.0665711 -0.0249231 0.99747 5.92999
-0.889507 0.450884 0.0740386 0.324952 -0.451111 -0.892349 0.0145757 69.1342 0.0726402 -0.0204344 0.997149 6.06631
-0.900387 0.428087 0.0777438 -0.935782 -0.428618 -0.903424 0.010581 68.508 0.0747652 -0.0237954 0.996917 6.20783
-0.895368 0.428898 0.119845 -2.24938 -0.430555 -0.90247 0.0130391 67.8888 0.113749 -0.0399251 0.992707 6.40105
-0.895614 0.427261 0.123792 -3.56105 -0.428489 -0.90337 0.0178831 67.2626 0.11947 -0.0370271 0.992147 6.54172
-0.898642 0.419584 0.128031 -4.89831 -0.421276 -0.90681 0.0148947 66.6849 0.122349 -0.0405512 0.991658 6.69937
-0.900467 0.414491 0.131746 -6.17359 -0.419959 -0.90741 -0.0155231 66.1669 0.113113 -0.0693057 0.991162 6.9452
-0.903153 0.417397 0.100469 -7.42417 -0.418698 -0.908083 0.00879348 65.4379 0.0949045 -0.0341243 0.994901 6.87916
-0.903255 0.415531 0.107068 -8.74225 -0.418016 -0.908439 -0.000844707 64.8621 0.0969141 -0.0455192 0.994251 7.01012
-0.905194 0.408708 0.116541 -9.99779 -0.411227 -0.911529 0.00265033 64.2585 0.107313 -0.0455257 0.993182 7.18048
-0.907231 0.403257 0.119648 -11.2917 -0.406205 -0.913782 -0.000267338 63.6602 0.109224 -0.0488442 0.992816 7.37981
-0.910319 0.396202 0.119763 -12.5381 -0.398807 -0.917032 0.00240787 63.0578 0.110781 -0.0455705 0.9928 7.53196
-0.911306 0.391015 0.128956 -13.8224 -0.394211 -0.919019 0.000801496 62.5112 0.118827 -0.0501055 0.99165 7.71847
-0.91251 0.386967 0.132598 -15.1437 -0.390189 -0.920733 0.00182023 61.9294 0.122792 -0.0500775 0.991168 7.91836
-0.898977 0.414688 0.140979 -16.4066 -0.419069 -0.907953 -0.00153737 61.3506 0.127365 -0.060462 0.990011 8.10459
-0.89711 0.415821 0.149291 -17.733 -0.422279 -0.906373 -0.0130068 60.7636 0.129905 -0.074711 0.988708 8.23886
-0.904176 0.399035 0.152436 -19.0701 -0.406466 -0.913451 -0.0197968 60.102 0.131344 -0.0798601 0.988115 8.27076
-0.905326 0.395965 0.153613 -20.3253 -0.402907 -0.915106 -0.0157036 59.5799 0.134354 -0.0761086 0.988006 8.57305
-0.907405 0.386497 0.165032 -21.7182 -0.39602 -0.917816 -0.0279795 58.9997 0.140655 -0.0907446 0.985891 8.74002
-0.89694 0.42347 0.127172 -22.8744 -0.426364 -0.904539 0.00489222 58.2915 0.117104 -0.0498337 0.991869 8.92718
-0.807632 0.57236 0.141899 -24.1083 -0.578073 -0.815984 0.00117191 57.6021 0.116458 -0.0810815 0.98988 9.13187
-0.679809 0.718675 0.146172 -25.0412 -0.727046 -0.686565 -0.00571687 56.6382 0.0962477 -0.11016 0.989243 9.30493
-0.552776 0.821107 0.142205 -25.8204 -0.82978 -0.558082 -0.00307594 55.5649 0.0768363 -0.119699 0.989832 9.47736
-0.292654 0.946279 0.137511 -26.3563 -0.955772 -0.293872 -0.011823 54.0636 0.0292228 -0.134889 0.99043 9.4662
0.0953914 0.983154 0.155914 -26.4657 -0.994423 0.101195 -0.0296999 52.1844 -0.0449773 -0.152211 0.987324 9.41584
0.365581 0.919191 0.14642 -26.0448 -0.927651 0.372703 -0.0235867 50.6561 -0.076252 -0.127204 0.988941 9.31835
0.40058 0.904814 0.144383 -25.3338 -0.912815 0.407742 -0.022683 49.3514 -0.079395 -0.122709 0.989262 9.26855
0.392701 0.909288 0.137774 -24.769 -0.917265 0.398075 -0.0127283 47.9593 -0.0664182 -0.121377 0.990382 9.16834
0.36029 0.921646 0.14408 -24.2116 -0.931582 0.363506 0.00427447 46.5506 -0.0484343 -0.135762 0.989557 9.0844
0.344529 0.928186 0.140608 -23.6372 -0.937698 0.347427 0.00416969 45.1507 -0.044981 -0.133285 0.990057 9.02084
0.384054 0.913135 0.136702 -23.0448 -0.921883 0.387465 0.0017958 43.7527 -0.0513273 -0.126713 0.990611 8.91391
0.380465 0.910434 0.162348 -22.4739 -0.923267 0.384026 0.0101023 42.3181 -0.0531483 -0.153734 0.986682 8.8382
0.371954 0.912407 0.170774 -21.9294 -0.926998 0.374668 0.0172848 40.9271 -0.0482125 -0.164736 0.985159 8.73861
0.371187 0.915228 0.156772 -21.3382 -0.926194 0.376966 -0.00777038 39.6246 -0.0662093 -0.142317 0.987604 8.58597
0.379153 0.913054 0.150248 -20.7135 -0.92292 0.384867 -0.00983226 38.2444 -0.0668031 -0.134939 0.988599 8.51957
0.372264 0.917121 0.14251 -20.1877 -0.925996 0.377404 -0.00989548 36.8311 -0.0628592 -0.12828 0.989744 8.41099
0.395183 0.907758 0.140731 -19.5499 -0.916434 0.400116 -0.00745147 35.4815 -0.0630728 -0.126026 0.99002 8.36542
0.396929 0.906833 0.141778 -18.9929 -0.915632 0.401947 -0.00746096 34.1547 -0.0637533 -0.126855 0.98987 8.19711
0.389717 0.911275 0.133032 -18.4005 -0.91886 0.394452 -0.0102115 32.8327 -0.0617802 -0.118258 0.991059 8.10722
0.382375 0.914242 0.13398 -17.8396 -0.922031 0.387002 -0.0093478 31.3991 -0.0603965 -0.119959 0.99094 7.95643
0.410072 0.900222 0.146425 -17.241 -0.909886 0.414851 -0.00231292 30.0278 -0.0628266 -0.132282 0.989219 7.90617
0.413205 0.901424 0.129215 -16.585 -0.908495 0.417791 -0.00938812 28.7071 -0.0624476 -0.113512 0.991572 7.83064
0.390613 0.910896 0.133003 -15.9584 -0.918623 0.395059 -0.00775718 27.3823 -0.0596099 -0.119149 0.991085 7.7818
0.374859 0.91966 0.117072 -15.4073 -0.925339 0.378898 -0.0135446 26.0703 -0.0568146 -0.103254 0.993031 7.63708
0.394544 0.910046 0.127091 -14.8357 -0.91705 0.398693 -0.00796965 24.6994 -0.057923 -0.113404 0.991859 7.55055
0.407695 0.902777 0.137036 -14.2468 -0.911721 0.41076 0.00641725 23.2932 -0.0504955 -0.127555 0.990545 7.59954
0.410612 0.901104 0.13932 -13.6414 -0.910287 0.41394 0.00554002 22.002 -0.0526782 -0.129096 0.990232 7.44363
0.407814 0.902114 0.140986 -13.0229 -0.911573 0.411089 0.00640729 20.6777 -0.0521778 -0.131132 0.989991 7.38163
0.403609 0.904277 0.139221 -12.3703 -0.913756 0.406108 0.0112508 19.2788 -0.046365 -0.131755 0.990197 7.3671
0.395683 0.90639 0.147958 -11.7559 -0.917391 0.397591 0.0177318 17.8852 -0.0427547 -0.142751 0.988835 7.29062
0.390799 0.908854 0.14581 -11.1477 -0.919562 0.392539 0.0178531 16.4787 -0.0410101 -0.141058 0.989152 7.21609
0.383696 0.911465 0.14835 -10.5511 -0.922342 0.386154 0.0130316 15.1692 -0.0454082 -0.14183 0.988849 7.1075
0.380194 0.912633 0.150181 -9.92574 -0.923974 0.38206 0.017373 13.7241 -0.0415229 -0.145369 0.988506 7.0851
0.37195 0.916452 0.147544 -9.35367 -0.927415 0.373641 0.0171367 12.3325 -0.0394236 -0.143209 0.988907 7.00624
0.363963 0.916546 0.165755 -8.85221 -0.9309 0.363865 0.03206 10.8012 -0.0309279 -0.16597 0.985646 7.03405
0.359284 0.920598 0.153019 -8.28463 -0.932887 0.358729 0.0321942 9.36271 -0.0252544 -0.154316 0.987699 6.94915
0.430721 0.890804 0.144734 -7.68198 -0.901037 0.433545 0.0130752 8.1194 -0.0511014 -0.136043 0.989384 6.71838
0.434129 0.890137 0.138524 -7.03881 -0.899871 0.435668 0.0206152 6.81829 -0.0420002 -0.133604 0.990144 6.62895
0.416597 0.898231 0.140101 -6.36845 -0.908248 0.417875 0.0215919 5.49643 -0.0391501 -0.136242 0.989902 6.66946
0.422644 0.895675 0.138345 -5.74084 -0.905635 0.423216 0.0267209 4.15688 -0.0346165 -0.136583 0.990024 6.56752
0.445047 0.885055 0.136424 -5.01946 -0.894684 0.445979 0.0253617 2.81679 -0.0383956 -0.133343 0.990326 6.57899
0.456571 0.881252 0.122219 -4.3261 -0.889382 0.455686 0.0367467 1.51087 -0.0233102 -0.125476 0.991823 6.57132
0.680645 0.71964 0.137261 -3.48733 -0.729168 0.683596 0.0317714 0.432629 -0.0709674 -0.121712 0.990025 6.38433
0.88614 0.443225 0.135307 -2.26658 -0.450272 0.892536 0.0251999 -0.303599 -0.109597 -0.0832555 0.990483 6.34115
0.982356 0.127651 0.13668 -0.787533 -0.132067 0.990957 0.0237015 -0.623262 -0.132419 -0.0413342 0.990332 6.05544
0.975937 -0.164645 0.142967 0.853732 0.164439 0.986297 0.0133341 -0.478403 -0.143204 0.0104962 0.989638 5.82065
