0.999999 -0.00110015 -0.000637418 0.00061345 0.00109755 0.999991 -0.0040246 1.09248e-05 0.000641838 0.0040239 0.999992 -0.000128651
0.999998 -0.001914 -2.6087e-05 0.00254562 0.00191369 0.999961 -0.00856317 -0.000161233 4.24745e-05 0.0085631 0.999963 -0.000198677
0.999998 -0.00219092 0.000205618 0.00804207 0.00219322 0.999925 -0.0120636 0.000502416 -0.000179173 0.012064 0.999927 -0.000147275
0.999997 -0.00227681 -0.000789494 0.0194985 0.00226636 0.999913 -0.0129699 0.00459055 0.000818954 0.012968 0.999916 -6.48615e-05
0.999995 -0.00238916 -0.00205163 0.035492 0.00236108 0.999905 -0.0135699 0.00878116 0.00208385 0.013565 0.999906 -6.7982e-05
0.999989 -0.00251278 -0.00394656 0.0520055 0.00246178 0.999914 -0.0128706 0.00881276 0.00397856 0.0128607 0.999909 -0.000471349
0.999977 -0.0029132 -0.00617891 0.0673996 0.00284686 0.999939 -0.0107153 0.000235257 0.00620975 0.0106975 0.999924 -0.00135187
0.999974 -0.00281058 -0.00663878 0.0806626 0.00275495 0.999961 -0.00837097 -0.00413237 0.00666205 0.00835246 0.999943 -0.00243189
0.999982 -0.00268458 -0.00527542 0.0926418 0.0026476 0.999972 -0.00699962 -0.00812668 0.00529407 0.00698553 0.999962 -0.00398215
0.999992 -0.00254035 -0.00318177 0.0971339 0.00251751 0.999971 -0.00715594 -0.0102157 0.00319986 0.00714787 0.999969 -0.00630381
0.999993 -0.00213899 -0.00302435 0.0874713 0.00211151 0.999957 -0.00905407 -0.0065253 0.00304358 0.00904762 0.999954 -0.0103092
0.999997 -0.00232386 -0.00095026 0.079275 0.00231113 0.999911 -0.0131702 -0.000745141 0.00098078 0.013168 0.999913 -0.0134315
0.999997 -0.00255413 -0.0004799 0.0751345 0.00254685 0.999891 -0.0145772 0.00666717 0.000517078 0.0145759 0.999894 -0.0156475
0.999996 -0.00270502 -0.00063499 0.0772027 0.00269566 0.999894 -0.0142718 0.0114876 0.000673527 0.0142701 0.999898 -0.0159069
0.999995 -0.00259602 -0.00189654 0.0769498 0.00257033 0.999907 -0.0134175 0.0117252 0.00193119 0.0134125 0.999908 -0.0194832
0.999991 -0.00255901 -0.00335738 0.0740717 0.00251959 0.999929 -0.0116879 0.0113153 0.00338705 0.0116794 0.999926 -0.0249205
0.999986 -0.00296714 -0.00448592 0.0693554 0.00291957 0.99994 -0.0105697 0.00578277 0.00451701 0.0105565 0.999934 -0.0309523
0.999986 -0.0029503 -0.00449253 0.0674092 0.00290519 0.999946 -0.0100099 -0.0016013 0.00452181 0.00999668 0.99994 -0.0348263
0.999989 -0.00291552 -0.00375493 0.0705136 0.00287339 0.999933 -0.0111714 -0.0022812 0.00378725 0.0111605 0.999931 -0.0354886
0.999992 -0.00321326 -0.00243945 0.0708381 0.00318235 0.999916 -0.0125655 0.00329703 0.00247962 0.0125577 0.999918 -0.0310366
0.999988 -0.00444425 -0.0020007 0.069061 0.00441843 0.999909 -0.0127204 0.00353991 0.00205705 0.0127114 0.999917 -0.0225727
0.999982 -0.00581759 -0.00144606 0.0664182 0.00579881 0.999903 -0.0126582 0.00364233 0.00151956 0.0126496 0.999919 -0.011556
0.999972 -0.00731022 -0.00150159 0.0762959 0.00729334 0.999914 -0.0109458 0.0083429 0.00158148 0.0109345 0.999939 0.00042281
0.999959 -0.00882177 -0.00184434 0.0970431 0.0088038 0.999916 -0.00952581 0.0126662 0.00192822 0.00950918 0.999953 0.00925864
0.999943 -0.0100357 -0.003528 0.117244 0.0100078 0.999919 -0.00784228 0.0118069 0.00360642 0.00780653 0.999963 0.0135457
0.999923 -0.0113954 -0.00492514 0.137059 0.0113642 0.999915 -0.00631975 0.0114334 0.00499674 0.00626329 0.999968 0.0143814
0.999908 -0.0125736 -0.0051761 0.146898 0.0125415 0.999902 -0.00618561 0.00921221 0.00525337 0.00612013 0.999968 0.0181208
0.999904 -0.0134249 -0.00343599 0.161628 0.0133985 0.999882 -0.00758234 0.0113509 0.00353737 0.00753558 0.999965 0.019151
0.999897 -0.0141962 -0.00190653 0.165413 0.0141764 0.999849 -0.0100143 0.0167572 0.0020484 0.00998624 0.999948 0.01795
0.999885 -0.015158 -8.30453e-05 0.16972 0.0151553 0.999788 -0.0139248 0.0233058 0.000294099 0.013922 0.999903 0.0127588
0.999875 -0.0158185 -0.000533054 0.186528 0.0158087 0.999763 -0.0149646 0.0242431 0.000769644 0.0149543 0.999888 0.0121078
0.999882 -0.0150531 -0.00302002 0.206737 0.014998 0.999735 -0.0174899 0.0126899 0.0032825 0.0174426 0.999843 0.0107659
0.999904 -0.0130052 -0.00486221 0.234791 0.0129137 0.999747 -0.0184079 0.0126535 0.00510038 0.0183433 0.999819 0.00342865
0.999904 -0.0126696 -0.00563421 0.2616 0.0125772 0.999791 -0.0161298 0.00827314 0.00583739 0.0160573 0.999854 0.00698284
0.999907 -0.0124008 -0.00574476 0.279169 0.012319 0.999825 -0.014069 0.000122367 0.00591823 0.013997 0.999885 0.0169567
0.999923 -0.0119375 -0.00346244 0.283583 0.0118867 0.999827 -0.0143221 -0.00619997 0.00363281 0.0142798 0.999891 0.0178779
0.999965 -0.00805263 -0.00221507 0.303103 0.00802166 0.999875 -0.0136438 -0.000478824 0.00232466 0.0136255 0.999905 0.0218648
0.999984 -0.00494445 -0.00270638 0.311103 0.0049103 0.99991 -0.012476 -0.0184876 0.00276782 0.0124625 0.999919 0.0306757
0.999994 0.000696374 -0.00353135 0.334238 -0.00073204 0.999949 -0.0101035 -0.0345625 0.00352413 0.010106 0.999943 0.0399935
0.99994 0.0104393 -0.0032977 0.34887 -0.0104789 0.999871 -0.0122075 -0.0493296 0.00316983 0.0122413 0.99992 0.0449507
0.999552 0.029874 -0.00180613 0.370264 -0.0298997 0.999418 -0.0164393 -0.0850416 0.00131397 0.0164859 0.999863 0.0426232
0.998646 0.0520228 -0.000510273 0.394138 -0.0520229 0.998457 -0.0194128 -0.106293 -0.000500424 0.019413 0.999811 0.0390496
0.997174 0.0751283 0.00066093 0.41348 -0.0750948 0.996925 -0.0223692 -0.112393 -0.00233946 0.0222564 0.99975 0.0384021
0.995191 0.0979286 0.00220399 0.437288 -0.0978448 0.994895 -0.0246963 -0.111299 -0.00461121 0.0243618 0.999693 0.0415645
0.992537 0.121882 0.00396316 0.466733 -0.121722 0.992158 -0.0284017 -0.110566 -0.00739373 0.0277073 0.999589 0.0477643
0.989208 0.146447 0.00457753 0.498756 -0.146235 0.988755 -0.0312872 -0.11465 -0.00910797 0.0302801 0.9995 0.0526991
0.985771 0.167987 0.00599953 0.529763 -0.16772 0.98533 -0.0315248 -0.106911 -0.0112073 0.0300699 0.999485 0.046357
0.981884 0.189469 0.00230482 0.559318 -0.189349 0.981574 -0.02566 -0.114652 -0.00712414 0.0247587 0.999668 0.0488374
0.97809 0.208183 -0.000728793 0.588871 -0.208167 0.977956 -0.0163776 -0.139525 -0.00269682 0.0161705 0.999866 0.046867
0.976362 0.216115 -0.00351185 0.593011 -0.216139 0.976319 -0.00922587 -0.140556 0.00143484 0.00976683 0.999951 0.0396683
0.975494 0.219987 -0.00406877 0.602256 -0.220007 0.975482 -0.00557109 -0.143082 0.00274345 0.00632972 0.999976 0.0285179
0.975315 0.220776 -0.00435028 0.613105 -0.220795 0.975311 -0.0042888 -0.144436 0.00329601 0.00514345 0.999981 0.019512
0.97582 0.218536 -0.0040654 0.630552 -0.218552 0.975818 -0.00376034 -0.142305 0.00314532 0.00455792 0.999985 0.0224067
0.976216 0.21679 -0.00227623 0.659438 -0.2168 0.976199 -0.0057289 -0.146289 0.000980087 0.00608613 0.999981 0.025858
0.976542 0.215323 -0.00137572 0.691828 -0.215327 0.976504 -0.00864546 -0.144016 -0.000518172 0.00873888 0.999962 0.0275729
0.977132 0.212615 -0.00287702 0.722959 -0.212634 0.977076 -0.0104603 -0.136985 0.00058705 0.0108328 0.999941 0.0310291
0.978033 0.208429 -0.00300793 0.76603 -0.20845 0.977967 -0.0113679 -0.13155 0.000572264 0.0117451 0.999931 0.033499
0.979495 0.201448 -0.00291446 0.783917 -0.201467 0.979446 -0.00977059 -0.114168 0.000886288 0.0101574 0.999948 0.0247526
0.982803 0.184611 -0.00408685 0.797729 -0.184633 0.982789 -0.00597887 -0.101207 0.00291275 0.00663062 0.999974 0.0212114
0.986029 0.166461 -0.00612224 0.797828 -0.166489 0.986033 -0.00444821 -0.0880907 0.00529627 0.00540535 0.999971 0.0236605
0.989374 0.1453 -0.00510247 0.79991 -0.145321 0.989376 -0.00401067 -0.0868341 0.00446551 0.00470956 0.999979 0.0304626
0.992639 0.120996 -0.00534344 0.810654 -0.121014 0.992645 -0.00335214 -0.0803606 0.00489855 0.0039741 0.99998 0.0361867
0.995548 0.0941563 -0.00441875 0.850129 -0.0941594 0.995557 -0.00049535 -0.059731 0.00435248 0.000909212 0.99999 0.041989
0.997815 0.0659619 -0.00362757 0.878918 -0.0659745 0.997815 -0.00346123 -0.0469822 0.00339133 0.00369299 0.999987 0.0393611
0.999317 0.0367752 -0.00358352 0.918288 -0.0367906 0.999314 -0.00433292 -0.0371791 0.00342171 0.0044618 0.999984 0.0460555
0.99993 0.0104828 -0.00542476 0.950591 -0.0105215 0.999919 -0.00715128 -0.033574 0.00534935 0.00720786 0.99996 0.0401912
0.999859 -0.0155565 -0.00631184 0.969375 0.0155193 0.999862 -0.00589159 -0.0254069 0.00640262 0.0057928 0.999963 0.0418375
0.999067 -0.0429169 -0.00475448 1.00636 0.0428927 0.999067 -0.00508076 -0.0103279 0.00496809 0.00487209 0.999976 0.0344921
0.997521 -0.0702986 -0.00302947 1.04797 0.0702847 0.997517 -0.00447944 0.00808743 0.00333684 0.00425542 0.999985 0.0212726
0.995161 -0.0981675 -0.00421306 1.08506 0.0981484 0.995162 -0.00452303 0.00746479 0.00463669 0.00408764 0.999981 0.014168
0.992222 -0.124379 -0.00495619 1.12275 0.124356 0.992226 -0.0047802 0.00266696 0.00551222 0.00412669 0.999976 0.0168731
0.988526 -0.150979 -0.0045529 1.16938 0.150964 0.988533 -0.00353264 0.0124745 0.00503405 0.00280479 0.999983 0.0175135
0.984345 -0.176155 -0.00586445 1.19313 0.176142 0.984361 -0.00269675 0.013524 0.00624779 0.00162156 0.999979 0.0185575
0.979846 -0.199708 -0.00418919 1.2337 0.199695 0.979853 -0.0032715 0.0142256 0.00475813 0.00236901 0.999986 0.0140651
0.975149 -0.221523 -0.00345233 1.26642 0.221509 0.97515 -0.00405425 0.018518 0.00426465 0.00318878 0.999986 0.00561073
0.971097 -0.238673 -0.0024199 1.29712 0.238655 0.971086 -0.00592816 0.0152888 0.00376482 0.00517929 0.999979 -0.00311737
0.965283 -0.261166 -0.00455831 1.30673 0.261155 0.965292 -0.00305498 0.0352041 0.00519796 0.0017585 0.999985 -0.00705743
0.959244 -0.282534 -0.00512366 1.32115 0.282521 0.959256 -0.00311728 0.0429666 0.00579564 0.00154269 0.999982 -0.00965212
0.952537 -0.304408 -0.00305348 1.36465 0.304381 0.952524 -0.00704479 0.0604237 0.005053 0.005781 0.999971 -0.0218085
0.945528 -0.325533 -0.00216078 1.39897 0.325512 0.945512 -0.00693169 0.0744615 0.00429954 0.00585075 0.999974 -0.028187
0.938409 -0.345522 -0.00186538 1.42788 0.345496 0.938383 -0.00840129 0.0820223 0.00465327 0.00723936 0.999963 -0.0333421
0.932771 -0.360463 -0.00204509 1.44743 0.360432 0.932743 -0.00895911 0.0959067 0.00513696 0.00761969 0.999958 -0.0380578
0.926901 -0.375292 -0.0032476 1.46608 0.375265 0.926893 -0.00677121 0.105705 0.00555135 0.00505753 0.999972 -0.0348713
0.923081 -0.384589 -0.00354494 1.49037 0.38457 0.923082 -0.00509522 0.118503 0.00523184 0.00334003 0.999981 -0.0277653
0.920637 -0.390405 -0.00344787 1.51481 0.390381 0.920634 -0.00606304 0.12291 0.00554127 0.00423588 0.999976 -0.0241136
0.916709 -0.39955 -0.00225924 1.5499 0.399528 0.916697 -0.00665834 0.131739 0.00473137 0.00520113 0.999975 -0.019894
0.913925 -0.405874 -0.00278482 1.57907 0.405852 0.913917 -0.00630536 0.153412 0.00510428 0.0046324 0.999976 -0.0200227
0.911304 -0.411711 -0.00433651 1.59884 0.411672 0.9113 -0.00765514 0.169375 0.00710356 0.00519094 0.999961 -0.0288082
0.909906 -0.4148 -0.00360651 1.61364 0.414757 0.909889 -0.00881538 0.180184 0.00693814 0.00652533 0.999955 -0.030101
0.908745 -0.417339 -0.00324739 1.63443 0.417288 0.908716 -0.0102948 0.194553 0.00724737 0.00800025 0.999942 -0.0236577
0.907903 -0.419175 -0.00218292 1.65512 0.41913 0.907862 -0.0107714 0.21422 0.00649691 0.0088645 0.99994 -0.0162208
0.90708 -0.420952 -0.00212878 1.68165 0.420921 0.907057 -0.00856683 0.229449 0.00553715 0.00687475 0.999961 -0.0153053
0.906544 -0.422096 -0.00365981 1.70898 0.422062 0.906536 -0.00747887 0.244786 0.00647454 0.00523526 0.999965 -0.0171631
0.906631 -0.421909 -0.00365552 1.73549 0.421875 0.906624 -0.00737095 0.25996 0.00642405 0.00514056 0.999966 -0.0163419
0.906585 -0.422004 -0.00395256 1.75519 0.421971 0.906581 -0.0072309 0.276459 0.00663479 0.00488756 0.999966 -0.0142105
0.906975 -0.421175 -0.00265979 1.78966 0.421143 0.906958 -0.00815879 0.290651 0.0058486 0.00627967 0.999963 -0.0121761
0.908026 -0.418902 -0.0031238 1.81298 0.418872 0.908016 -0.00727133 0.306366 0.00588244 0.00529408 0.999969 -0.0157209
0.908085 -0.418766 -0.00418237 1.82268 0.418732 0.908082 -0.00704414 0.31962 0.00674778 0.00464538 0.999966 -0.0199222
0.908494 -0.417881 -0.00387123 1.84019 0.417851 0.908491 -0.006711 0.336421 0.00632137 0.0044793 0.99997 -0.0185992
0.909162 -0.416417 -0.00452388 1.86559 0.416388 0.909166 -0.0061532 0.350314 0.00667526 0.00371057 0.999971 -0.0125247
0.909593 -0.415481 -0.00390775 1.89379 0.415442 0.909584 -0.00804596 0.357623 0.00689737 0.00569511 0.99996 -0.000860736
0.910614 -0.413245 -0.00333727 1.93084 0.413212 0.910603 -0.00757148 0.376116 0.0061678 0.00551569 0.999966 0.00628601
0.911548 -0.411175 -0.00394448 1.9553 0.411147 0.911546 -0.00649156 0.396198 0.00626474 0.00429561 0.999971 0.00496183
0.912707 -0.408597 -0.00393598 1.97999 0.408569 0.912706 -0.00631328 0.400782 0.00617198 0.00415406 0.999972 -0.00323557
0.913581 -0.406642 -0.00349289 2.00095 0.406618 0.913579 -0.00597204 0.414261 0.00561951 0.00403567 0.999976 -0.00172496
0.914671 -0.404186 -0.00327553 2.03635 0.404158 0.914664 -0.00686384 0.434431 0.00577027 0.00495432 0.999971 0.00152805
0.915943 -0.401293 -0.0035772 2.07404 0.401246 0.915921 -0.00949358 0.456427 0.00708614 0.00726024 0.999949 0.00471273
0.917314 -0.398147 -0.00387402 2.11203 0.398082 0.917277 -0.0115535 0.475055 0.00815355 0.00905604 0.999926 0.00527724
0.918871 -0.39452 -0.00547193 2.13109 0.394447 0.918853 -0.0109715 0.48325 0.00935637 0.00792298 0.999925 0.00508064
0.920657 -0.390326 -0.00598585 2.14585 0.390257 0.92065 -0.0101211 0.487171 0.00946141 0.00698207 0.999931 0.00696998
0.921972 -0.387222 -0.00520445 2.16653 0.387162 0.921959 -0.00982571 0.503045 0.00860303 0.00704406 0.999938 0.00757368
0.923312 -0.384025 -0.00433169 2.19567 0.383966 0.923288 -0.0104865 0.522895 0.00802649 0.00801912 0.999936 0.0118943
0.924217 -0.381851 -0.00362374 2.22154 0.381783 0.92417 -0.0123221 0.540489 0.00805414 0.0100048 0.999918 0.0132371
0.925035 -0.379864 -0.00368343 2.25363 0.379802 0.924996 -0.0115328 0.554335 0.00778805 0.00926926 0.999927 0.014237
0.925918 -0.377674 -0.00609934 2.28562 0.377601 0.925909 -0.0104746 0.558047 0.00960343 0.00739554 0.999927 0.0142001
0.926543 -0.376127 -0.00677955 2.3108 0.376054 0.926544 -0.00994312 0.561848 0.0100214 0.00666326 0.999928 0.0139381
0.927062 -0.374851 -0.00651274 2.33592 0.374776 0.927058 -0.0103277 0.567939 0.00990902 0.00713356 0.999925 0.00835346
0.927703 -0.373289 -0.00481571 2.37022 0.373237 0.927692 -0.00903628 0.578149 0.00784064 0.00658558 0.999948 0.0034718
0.927968 -0.372634 -0.00428533 2.40957 0.372582 0.927949 -0.00971294 0.594532 0.00759594 0.00741667 0.999944 -0.00394629
0.928609 -0.371017 -0.00556354 2.44862 0.370974 0.928613 -0.00751268 0.60513 0.00795371 0.00491242 0.999956 -0.00509827
0.928921 -0.370245 -0.00490001 2.49165 0.370189 0.928907 -0.00954497 0.619095 0.00808563 0.0070526 0.999942 -0.00324276
0.9294 -0.369032 -0.00562357 2.52929 0.368946 0.92937 -0.0122145 0.629407 0.00973393 0.00927738 0.99991 -0.00484465
0.929783 -0.368054 -0.00624775 2.56557 0.36795 0.929748 -0.0135069 0.644151 0.0107801 0.0102596 0.999889 -0.00913839
0.93016 -0.367099 -0.00643679 2.60062 0.366998 0.930131 -0.0129908 0.659732 0.010756 0.00972127 0.999895 -0.0141824
0.930598 -0.365984 -0.00652405 2.6345 0.365898 0.930584 -0.0114493 0.674147 0.0102614 0.00826753 0.999913 -0.0157083
0.930861 -0.365324 -0.00593702 2.67258 0.365253 0.93085 -0.010471 0.68361 0.0093518 0.00757858 0.999928 -0.00698397
0.931215 -0.364423 -0.00578906 2.70934 0.364355 0.931204 -0.0102823 0.690135 0.00913791 0.00746577 0.99993 0.00621066
0.931504 -0.363686 -0.00576506 2.74418 0.363609 0.931485 -0.0111248 0.696416 0.009416 0.00826658 0.999922 0.0190014
0.931582 -0.363492 -0.00531312 2.77967 0.363418 0.931558 -0.0113017 0.709869 0.00905756 0.0085976 0.999922 0.0321617
0.931791 -0.36294 -0.00638244 2.80781 0.362861 0.93178 -0.0108907 0.719308 0.0098997 0.00783192 0.99992 0.034932
0.932189 -0.361905 -0.00703574 2.83986 0.361844 0.932199 -0.00860064 0.726142 0.00967132 0.00547158 0.999938 0.0347202
0.932491 -0.361096 -0.008338 2.86278 0.361043 0.932521 -0.00722559 0.729799 0.0103845 0.00372743 0.999939 0.0354485
0.932673 -0.360633 -0.00800758 2.8885 0.360574 0.932697 -0.00792274 0.739287 0.0103258 0.00450201 0.999937 0.0402809
0.933014 -0.359736 -0.00868539 2.90706 0.359689 0.93305 -0.00653188 0.760028 0.0104536 0.0029703 0.999941 0.04644
0.933075 -0.3596 -0.00769712 2.93969 0.359548 0.933098 -0.00734371 0.771124 0.00982296 0.00408474 0.999943 0.0516639
0.933641 -0.358147 -0.00667297 2.97246 0.358093 0.933651 -0.00801857 0.791947 0.00910205 0.00509693 0.999946 0.0526345
0.933914 -0.357419 -0.00753299 2.99782 0.357369 0.933936 -0.00715493 0.805433 0.00959264 0.00399003 0.999946 0.0512183
0.934431 -0.356076 -0.00699834 3.02764 0.356023 0.934445 -0.00774725 0.816619 0.00929817 0.0047477 0.999946 0.0504835
0.934855 -0.354951 -0.00748305 3.05446 0.354891 0.934871 -0.00835183 0.825275 0.00996018 0.00515208 0.999937 0.0512133
0.935472 -0.353313 -0.00789567 3.0858 0.353254 0.935493 -0.00801434 0.836885 0.0102179 0.00470801 0.999937 0.0536033
0.935429 -0.353441 -0.00726159 3.126 0.353384 0.935444 -0.00802539 0.850123 0.00962931 0.00494105 0.999941 0.0525379
0.935813 -0.35243 -0.00677551 3.16467 0.352382 0.935827 -0.00734459 0.865568 0.00892916 0.0044856 0.99995 0.0539893
0.935982 -0.351967 -0.00746573 3.20045 0.351913 0.936001 -0.00769834 0.880149 0.0096975 0.00457823 0.999943 0.0537772
0.93638 -0.350884 -0.00849369 3.23601 0.350824 0.936409 -0.00781843 0.898061 0.0106969 0.00434124 0.999933 0.0497942
0.936439 -0.350744 -0.00773545 3.27459 0.350661 0.936446 -0.010294 0.910965 0.0108544 0.00692721 0.999917 0.050995
0.936427 -0.35076 -0.00849728 3.31958 0.350692 0.936452 -0.00848654 0.930089 0.010934 0.0049671 0.999928 0.0480345
0.936858 -0.349603 -0.00867247 3.36389 0.349518 0.936876 -0.00999519 0.942566 0.0116194 0.00633289 0.999912 0.0408762
0.936879 -0.349544 -0.00872395 3.40626 0.349463 0.936902 -0.00953251 0.953129 0.0115055 0.00588211 0.999917 0.0364275
0.936974 -0.349291 -0.00864802 3.44452 0.349207 0.936993 -0.00990225 0.96155 0.0115619 0.00625821 0.999914 0.0395257
0.937215 -0.348638 -0.00892406 3.48065 0.348567 0.937245 -0.00856018 0.973946 0.0113484 0.0049121 0.999924 0.043641
0.937854 -0.346931 -0.00833512 3.51668 0.346844 0.937866 -0.0102934 0.97634 0.0113883 0.00676271 0.999912 0.0367471
0.937873 -0.346874 -0.0084954 3.55125 0.346801 0.937896 -0.00902229 0.993488 0.0110974 0.00551556 0.999923 0.0278467
0.938116 -0.346224 -0.00817345 3.58958 0.346159 0.938138 -0.00835399 1.00852 0.0105602 0.0050077 0.999932 0.0202567
0.938364 -0.345534 -0.00892346 3.62838 0.345481 0.9384 -0.00698516 1.02935 0.0107874 0.00347174 0.999936 0.0179598
0.938545 -0.345048 -0.00869789 3.66524 0.344982 0.938573 -0.00821547 1.04431 0.0109983 0.00470997 0.999928 0.018727
0.938699 -0.344614 -0.00923732 3.70181 0.344554 0.938736 -0.00752882 1.05938 0.011266 0.00388454 0.999929 0.02294
0.938901 -0.344057 -0.00941816 3.73757 0.343978 0.938934 -0.00906247 1.06884 0.011961 0.00526912 0.999915 0.0200661
0.938994 -0.343815 -0.00902696 3.77106 0.343725 0.939015 -0.0101525 1.07092 0.011967 0.00643035 0.999908 0.0208219
0.939098 -0.343551 -0.0081709 3.80232 0.343454 0.939101 -0.0113391 1.07736 0.0115689 0.00784218 0.999902 0.0213196
0.939213 -0.34323 -0.00853617 3.83085 0.343134 0.939222 -0.0109558 1.09192 0.0117777 0.00736076 0.999904 0.0279357
0.939559 -0.342293 -0.00805674 3.87652 0.342205 0.939566 -0.0105459 1.10989 0.0111796 0.0071514 0.999912 0.0311229
0.93968 -0.341955 -0.00825449 3.91745 0.341872 0.939693 -0.0100147 1.12687 0.0111813 0.00658864 0.999916 0.0436871
0.940285 -0.3403 -0.00774334 3.95915 0.340235 0.940301 -0.0085721 1.14525 0.0101982 0.00542567 0.999933 0.0537523
0.940212 -0.340488 -0.00828135 4.00383 0.340423 0.940236 -0.00829768 1.16094 0.0106117 0.00498242 0.999931 0.0627181
0.940766 -0.338954 -0.00834837 4.05267 0.338901 0.940795 -0.00715107 1.17267 0.010278 0.00389822 0.99994 0.0673338
0.940967 -0.338373 -0.0092103 4.10062 0.338325 0.941008 -0.00636512 1.19299 0.0108207 0.00287329 0.999937 0.0675121
0.941143 -0.337882 -0.00925021 4.14832 0.337829 0.941182 -0.0068849 1.21525 0.0110324 0.00335468 0.999934 0.0602364
0.94137 -0.337232 -0.00982589 4.1901 0.337186 0.941419 -0.00600613 1.2268 0.0112757 0.00234084 0.999934 0.0623902
0.941565 -0.336648 -0.0110947 4.22465 0.336605 0.941629 -0.00561696 1.23722 0.012338 0.00155422 0.999923 0.065515
0.94185 -0.335808 -0.0123287 4.25491 0.335781 0.94193 -0.00426513 1.24947 0.013045 -0.000122624 0.999915 0.0638483
0.941962 -0.335487 -0.0124621 4.28585 0.335475 0.942044 -0.00313722 1.26443 0.0127923 -0.00122556 0.999917 0.0565262
0.942316 -0.334535 -0.0112247 4.32679 0.334522 0.942383 -0.00313062 1.28079 0.0116253 -0.000804867 0.999932 0.0554736
0.942292 -0.334583 -0.0118282 4.36682 0.334558 0.942366 -0.00409083 1.29605 0.0125152 -0.000102458 0.999922 0.0634266
0.942524 -0.333994 -0.00983805 4.41274 0.33395 0.942573 -0.00584932 1.30991 0.0112267 0.00222771 0.999934 0.067133
0.94242 -0.334284 -0.00992191 4.45739 0.33422 0.942464 -0.00764647 1.33273 0.0119071 0.00389009 0.999922 0.0686327
0.94247 -0.334127 -0.0104786 4.49517 0.33405 0.942518 -0.00844209 1.34968 0.012697 0.00445603 0.999909 0.0746688
0.94283 -0.333079 -0.0114215 4.53558 0.332988 0.942887 -0.0091368 1.3549 0.0138124 0.00481124 0.999893 0.0816805
0.94319 -0.332004 -0.0129115 4.55636 0.33191 0.943269 -0.00888422 1.37196 0.0151286 0.00409404 0.999877 0.0772914
0.9432 -0.332033 -0.0113394 4.58657 0.331908 0.94324 -0.0116257 1.38558 0.0145559 0.00720172 0.999868 0.0674713
0.943267 -0.331854 -0.0109655 4.61744 0.331722 0.943298 -0.0122619 1.40141 0.0144129 0.00792876 0.999865 0.0676618
0.943746 -0.33053 -0.00968781 4.64786 0.330417 0.943764 -0.0116239 1.41136 0.012985 0.00776896 0.999886 0.0679329
0.943926 -0.330004 -0.0100641 4.68055 0.329889 0.943949 -0.0115353 1.43023 0.0133067 0.00756845 0.999883 0.0719764
0.944384 -0.328683 -0.0102936 4.71734 0.328559 0.944406 -0.0120738 1.44219 0.0136898 0.00802025 0.999874 0.0742545
0.944513 -0.328325 -0.00984341 4.76747 0.328249 0.944552 -0.00855806 1.45818 0.0121074 0.00485212 0.999915 0.079793
0.944762 -0.32757 -0.011084 4.80945 0.3275 0.94482 -0.00768218 1.47119 0.0129888 0.00362783 0.999909 0.0788449
0.944937 -0.327044 -0.011671 4.84575 0.326951 0.944997 -0.00917248 1.47916 0.0140288 0.00485158 0.99989 0.0759146
0.944948 -0.327015 -0.0115738 4.88954 0.326936 0.945011 -0.00819261 1.49292 0.0136165 0.00395769 0.9999 0.0798618
0.945423 -0.32564 -0.0115726 4.93565 0.325582 0.94549 -0.00666673 1.51128 0.0131127 0.00253506 0.999911 0.0749654
0.945627 -0.325081 -0.0106056 4.98437 0.325007 0.945677 -0.0081473 1.52917 0.012678 0.00425741 0.999911 0.0690884
0.945587 -0.325135 -0.0123172 5.02854 0.325052 0.94566 -0.00832138 1.55874 0.0143535 0.00386486 0.99989 0.0729734
0.9459 -0.324213 -0.0126174 5.08665 0.324123 0.945975 -0.00867414 1.57657 0.014748 0.0041153 0.999883 0.0735983
0.94601 -0.32389 -0.0126236 5.14113 0.323817 0.94609 -0.00750838 1.60573 0.0143749 0.00301528 0.999892 0.0707852
0.946039 -0.323818 -0.0123375 5.18698 0.323712 0.946105 -0.0098275 1.62701 0.0148549 0.0053034 0.999876 0.0747705
0.946531 -0.322339 -0.0133234 5.2348 0.322222 0.946609 -0.0101952 1.64591 0.0158984 0.00535699 0.999859 0.073133
0.946214 -0.323231 -0.0141781 5.27334 0.323112 0.946307 -0.0100786 1.66663 0.0166745 0.0049554 0.999849 0.0692335
0.946048 -0.323684 -0.0148861 5.32079 0.323576 0.946157 -0.00920673 1.67476 0.0170647 0.00389322 0.999847 0.0659933
0.946054 -0.323718 -0.013688 5.37188 0.323609 0.946142 -0.0096153 1.68634 0.0160635 0.00466702 0.99986 0.0721874
0.945726 -0.324672 -0.0138087 5.41328 0.32454 0.945808 -0.0109643 1.70407 0.0166202 0.00588778 0.999845 0.079855
0.945187 -0.326303 -0.0121842 5.45166 0.32616 0.945234 -0.0123471 1.71695 0.0155458 0.00769637 0.99985 0.0871976
0.944611 -0.327945 -0.0127137 5.49672 0.327809 0.944672 -0.0116753 1.72769 0.0158391 0.00686094 0.999851 0.0920015
0.943295 -0.331717 -0.0126205 5.53926 0.331612 0.943366 -0.00968139 1.74644 0.0151173 0.00494728 0.999874 0.0912504
0.941242 -0.337477 -0.0131305 5.58595 0.337387 0.941326 -0.00861128 1.76543 0.0152662 0.00367522 0.999877 0.0982698
0.938463 -0.345117 -0.0134621 5.62729 0.345015 0.93855 -0.00937893 1.77591 0.0158717 0.00415717 0.999865 0.103919
0.934408 -0.355975 -0.0127858 5.67806 0.355863 0.934482 -0.0102473 1.79824 0.0155959 0.00502514 0.999866 0.10395
0.929206 -0.369358 -0.0122756 5.74221 0.369283 0.929283 -0.00795008 1.81237 0.0143439 0.00285408 0.999893 0.111711
0.922684 -0.385355 -0.0124932 5.80339 0.385319 0.922768 -0.00526617 1.82583 0.0135576 4.51575e-05 0.999908 0.120758
0.917782 -0.396921 -0.0114297 5.86145 0.396899 0.917853 -0.00420336 1.84464 0.0121592 -0.000678677 0.999926 0.127169
0.914732 -0.40384 -0.0133406 5.90341 0.403848 0.914823 -0.00217299 1.87501 0.0130819 -0.00339989 0.999909 0.127582
0.913218 -0.407351 -0.00987294 5.9627 0.40731 0.913271 -0.00592172 1.90646 0.0114289 0.00138648 0.999934 0.117088
0.911985 -0.41008 -0.0108126 5.99865 0.410022 0.912047 -0.00719446 1.93634 0.0128119 0.00212783 0.999916 0.10135
0.910325 -0.413744 -0.0111699 6.04634 0.413721 0.910393 -0.00439157 1.96393 0.011986 -0.000623453 0.999928 0.0869575
0.909523 -0.415548 -0.00933136 6.0923 0.415486 0.909565 -0.00791327 1.97886 0.0117758 0.00332026 0.999925 0.082508
0.909334 -0.41599 -0.00806722 6.14101 0.41592 0.909357 -0.00899004 2.00916 0.0110757 0.00481962 0.999927 0.0677724
0.908348 -0.418082 -0.0105764 6.19166 0.418055 0.908409 -0.0047201 2.03251 0.0115811 -0.000134013 0.999933 0.0562514
0.907583 -0.419709 -0.0117364 6.24009 0.419723 0.907651 -0.00139394 2.04119 0.0112376 -0.00366092 0.99993 0.0522286
0.907535 -0.419806 -0.0119732 6.29612 0.419802 0.907611 -0.0029415 2.06373 0.0121018 -0.00235684 0.999924 0.0516441
0.907628 -0.419614 -0.0116322 6.3397 0.419558 0.907701 -0.00701341 2.09187 0.0135015 0.00148518 0.999908 0.0513297
0.907456 -0.420031 -0.00991157 6.38515 0.419925 0.90749 -0.01117 2.11689 0.0136864 0.00597417 0.999889 0.0504632
0.908104 -0.418651 -0.00880824 6.43493 0.418533 0.908114 -0.0126126 2.14114 0.0132791 0.00776697 0.999882 0.0516189
0.908605 -0.417496 -0.0115398 6.4651 0.417364 0.908657 -0.0122673 2.1671 0.0156073 0.00632978 0.999858 0.0614888
0.90948 -0.415567 -0.0122273 6.50498 0.415404 0.909532 -0.0138191 2.17823 0.0168639 0.0074889 0.99983 0.0744436
0.910878 -0.412486 -0.0125293 6.55258 0.412357 0.910948 -0.0116461 2.21172 0.0162173 0.00544163 0.999854 0.0929061
0.913122 -0.407528 -0.0113193 6.61831 0.407422 0.913179 -0.0105788 2.24502 0.0146477 0.00504804 0.99988 0.100784
0.915562 -0.402053 -0.010015 6.67777 0.40192 0.915582 -0.0130194 2.27296 0.014404 0.00789483 0.999865 0.106383
0.918043 -0.396354 -0.00999392 6.73974 0.396195 0.918048 -0.0147346 2.30583 0.015015 0.00956744 0.999842 0.114721
0.919792 -0.392244 -0.0112806 6.78587 0.392039 0.919795 -0.0168293 2.32556 0.016977 0.011057 0.999795 0.121811
0.921904 -0.387187 -0.0133949 6.84491 0.387053 0.921985 -0.0115359 2.35025 0.0168165 0.00545048 0.999844 0.133633
0.923207 -0.383996 -0.0153626 6.90362 0.383938 0.923335 -0.00664806 2.37496 0.0167376 0.000239245 0.99986 0.147825
0.924192 -0.381617 -0.0154277 6.96008 0.381567 0.92432 -0.00620746 2.39079 0.016629 -0.000149821 0.999862 0.162095
0.92511 -0.379423 -0.014484 7.01024 0.379344 0.925221 -0.0079834 2.41218 0.01643 0.0018911 0.999863 0.165537
0.925725 -0.377951 -0.0136302 7.06461 0.377818 0.92581 -0.0114072 2.42451 0.0169304 0.00541019 0.999842 0.167395
0.926675 -0.375636 -0.0130576 7.10962 0.375512 0.926752 -0.0110235 2.4346 0.016242 0.00531192 0.999854 0.17742
0.927577 -0.373365 -0.0141026 7.14727 0.373267 0.927679 -0.00911847 2.4448 0.0164872 0.00319405 0.999859 0.183063
0.928342 -0.371452 -0.0142858 7.17508 0.371338 0.928444 -0.0100228 2.45688 0.0169866 0.00399968 0.999848 0.174788
0.928977 -0.369866 -0.0141506 7.20968 0.369766 0.929079 -0.0091829 2.47161 0.0165434 0.0032983 0.999858 0.17392
0.929419 -0.368758 -0.0140835 7.25174 0.36867 0.929521 -0.00850252 2.48512 0.0162262 0.00271025 0.999865 0.175642
0.929954 -0.367412 -0.0139088 7.28567 0.367315 0.930052 -0.00906095 2.50395 0.016265 0.00331738 0.999862 0.173302
0.929982 -0.367353 -0.0136198 7.31953 0.367229 0.930068 -0.0108097 2.51525 0.0166383 0.00505125 0.999849 0.164824
0.930709 -0.365503 -0.0137614 7.35845 0.365432 0.930808 -0.00740084 2.5337 0.0155142 0.00185918 0.999878 0.162691
0.93139 -0.363718 -0.0149107 7.40224 0.363692 0.931508 -0.00451804 2.55025 0.0155327 -0.00121484 0.999879 0.160849
0.931944 -0.362297 -0.0148731 7.45583 0.362277 0.932061 -0.00411136 2.5731 0.0153522 -0.00155661 0.999881 0.156875
0.932336 -0.361322 -0.0139968 7.51172 0.361299 0.93244 -0.0042744 2.59555 0.0145956 -0.00107184 0.999893 0.151789
0.932679 -0.360432 -0.0140913 7.55655 0.360391 0.932786 -0.00544335 2.61917 0.0151061 -1.46792e-06 0.999886 0.1405
0.93292 -0.359749 -0.0155418 7.59262 0.359705 0.933049 -0.0056369 2.63251 0.0165292 -0.000331694 0.999863 0.12946
0.933401 -0.358489 -0.0157592 7.63002 0.35846 0.933533 -0.0047119 2.64771 0.0164009 -0.00125096 0.999865 0.122211
0.933878 -0.357277 -0.0149953 7.66935 0.357239 0.933998 -0.00518305 2.6686 0.0158574 -0.000516568 0.999874 0.118476
0.934187 -0.356496 -0.0143518 7.71512 0.356446 0.934297 -0.00601501 2.68297 0.0155532 0.000503491 0.999879 0.106474
0.934884 -0.354664 -0.014301 7.7623 0.35462 0.934994 -0.00563841 2.70841 0.0153711 0.00019984 0.999882 0.102589
0.935088 -0.354073 -0.015583 7.80757 0.354041 0.935217 -0.00483094 2.72539 0.016284 -0.000999668 0.999867 0.0989877
0.935268 -0.353616 -0.0151454 7.85118 0.353587 0.93539 -0.00468802 2.73361 0.0158246 -0.00097064 0.999874 0.087993
0.9358 -0.352252 -0.0140279 7.9045 0.352238 0.935904 -0.00357674 2.76142 0.0143887 -0.00159404 0.999895 0.0852529
0.935985 -0.351744 -0.0144261 7.95371 0.351696 0.936096 -0.00579087 2.78329 0.0155411 0.000346555 0.999879 0.0801871
0.936114 -0.351402 -0.0144001 7.99435 0.351315 0.936221 -0.00828217 2.79767 0.0163921 0.00269407 0.999862 0.0764282
0.936573 -0.350189 -0.0141104 8.0337 0.350104 0.936675 -0.00820998 2.81708 0.0160919 0.00274914 0.999867 0.0741298
0.936819 -0.349501 -0.0147742 8.07579 0.349421 0.936934 -0.00779102 2.82853 0.0165654 0.00213639 0.999861 0.0832539
0.936685 -0.349854 -0.0149268 8.12886 0.349791 0.936804 -0.00670021 2.84943 0.0163276 0.00105474 0.999866 0.0881109
0.937042 -0.34888 -0.0152999 8.1822 0.348842 0.937167 -0.00516192 2.87782 0.0161395 -0.000500317 0.99987 0.0933175
0.93689 -0.349305 -0.0149198 8.2443 0.349221 0.937006 -0.00796763 2.89146 0.016763 0.0022545 0.999857 0.104036
0.93622 -0.351 -0.0170693 8.29784 0.350887 0.936372 -0.00931535 2.90573 0.0192529 0.00273183 0.999811 0.116686
0.936384 -0.350544 -0.0174059 8.35402 0.350424 0.936542 -0.00964296 2.92408 0.0196816 0.00293009 0.999802 0.128585
0.936487 -0.350288 -0.0170428 8.41325 0.350194 0.93664 -0.00836779 2.93757 0.0188941 0.00186804 0.99982 0.135408
0.935734 -0.352362 -0.0156062 8.47656 0.352275 0.935862 -0.00809332 2.96135 0.017457 0.00207553 0.999846 0.137464
0.934987 -0.354373 -0.0148187 8.51759 0.354295 0.935102 -0.00769709 2.99226 0.0165847 0.00194647 0.999861 0.142052
0.933865 -0.357317 -0.0148836 8.56147 0.357237 0.933981 -0.0078083 3.02946 0.0166911 0.00197492 0.999859 0.146081
0.932165 -0.361582 -0.0180758 8.60029 0.361548 0.932339 -0.00522054 3.04328 0.0187404 -0.00166887 0.999823 0.151519
0.929492 -0.368357 -0.0189149 8.63435 0.368335 0.929681 -0.00475857 3.06376 0.0193376 -0.00254395 0.99981 0.154972
0.925982 -0.377086 -0.0190694 8.67108 0.377094 0.926169 -0.00332449 3.09224 0.0189151 -0.00411255 0.999813 0.157198
0.920572 -0.390073 -0.0197454 8.71111 0.390109 0.920766 -0.0021804 3.10584 0.0190314 -0.00569563 0.999803 0.16143
0.915517 -0.401738 -0.0208648 8.74798 0.401796 0.915728 -0.00154557 3.11809 0.0197274 -0.0069684 0.999781 0.164068
0.911155 -0.411522 -0.0211199 8.78894 0.411546 0.911382 -0.00338886 3.1253 0.0206429 -0.00560405 0.999771 0.16357
0.908895 -0.416574 -0.019406 8.82326 0.41655 0.909096 -0.00547186 3.13682 0.0199214 -0.00311023 0.999797 0.162072
0.907643 -0.419322 -0.0187732 8.86112 0.419264 0.907836 -0.00715677 3.16118 0.0200439 -0.00137511 0.999798 0.156656
0.906753 -0.421285 -0.0178582 8.90137 0.421178 0.906928 -0.00953878 3.17878 0.0202146 0.00112782 0.999795 0.150538
0.905686 -0.42362 -0.0166851 8.94383 0.423469 0.905832 -0.0118921 3.20315 0.0201516 0.00370486 0.99979 0.141365
0.904355 -0.426405 -0.0179068 8.98112 0.426311 0.904532 -0.00895227 3.23585 0.0200145 0.000462191 0.9998 0.137209
0.904032 -0.427107 -0.0174799 9.02763 0.426981 0.904198 -0.010592 3.2614 0.0203292 0.00211191 0.999791 0.135684
0.903282 -0.428696 -0.0173762 9.08115 0.42853 0.90344 -0.0125596 3.285 0.0210826 0.00389859 0.99977 0.133619
0.90203 -0.431295 -0.0180609 9.13288 0.431121 0.902203 -0.0128172 3.31709 0.0218226 0.00377502 0.999755 0.133031
0.901757 -0.431777 -0.0200731 9.17955 0.431668 0.90198 -0.00972727 3.3387 0.0223056 0.000106717 0.999751 0.140732
0.901565 -0.432175 -0.020152 9.23516 0.432064 0.90179 -0.00977242 3.35003 0.0223963 0.000103497 0.999749 0.148219
0.900688 -0.434017 -0.0197628 9.292 0.433886 0.900904 -0.0107087 3.3757 0.0224522 0.00107036 0.999747 0.158365
0.900774 -0.433861 -0.0192526 9.35205 0.433749 0.90098 -0.00984268 3.41361 0.0216165 0.00051523 0.999766 0.166823
0.900679 -0.43398 -0.0209357 9.40457 0.433848 0.900922 -0.0107316 3.4368 0.0235187 0.000582805 0.999723 0.168205
0.899719 -0.435947 -0.0213634 9.43653 0.435794 0.899972 -0.0116074 3.46493 0.0242867 0.00113333 0.999704 0.176583
0.899694 -0.436109 -0.0189953 9.47497 0.43597 0.899892 -0.011105 3.48165 0.0219367 0.00170971 0.999758 0.181971
0.899991 -0.435534 -0.018064 9.52385 0.435415 0.900171 -0.010263 3.49566 0.0207306 0.00137129 0.999784 0.18432
0.89951 -0.436482 -0.0191238 9.56694 0.436412 0.899712 -0.00792558 3.51954 0.0206653 -0.00121672 0.999786 0.18505
0.899269 -0.436961 -0.0195143 9.61122 0.436924 0.899476 -0.00634585 3.54127 0.0203256 -0.00281966 0.999789 0.187063
0.899361 -0.436744 -0.0201336 9.65761 0.436675 0.899584 -0.00794452 3.55903 0.0215816 -0.00164684 0.999766 0.189165
0.898684 -0.438112 -0.0206079 9.70954 0.438048 0.898918 -0.00779733 3.59633 0.0219409 -0.00201989 0.999757 0.19963
0.899011 -0.437405 -0.0213593 9.76241 0.437368 0.899258 -0.00660559 3.6245 0.0220968 -0.00340337 0.99975 0.207801
0.89893 -0.437595 -0.020847 9.80935 0.437538 0.899169 -0.00746158 3.64417 0.0220101 -0.00241391 0.999755 0.217638
0.89821 -0.439097 -0.0202883 9.85805 0.439021 0.898438 -0.0083296 3.67189 0.0218853 -0.00142527 0.999759 0.22761
0.898225 -0.439049 -0.0206772 9.90061 0.439002 0.898459 -0.00696842 3.69453 0.0216371 -0.00281812 0.999762 0.231044
0.898367 -0.438824 -0.0192219 9.95436 0.438734 0.898573 -0.00888185 3.7085 0.0211699 -0.000454143 0.999776 0.232634
0.897999 -0.439571 -0.0193708 10.0007 0.439504 0.898207 -0.00780914 3.73942 0.0208317 -0.00150096 0.999782 0.229572
0.89793 -0.439639 -0.0209427 10.0461 0.43962 0.898165 -0.00574973 3.76257 0.0213378 -0.00404396 0.999764 0.22513
0.898429 -0.438642 -0.0204448 10.0976 0.438563 0.898661 -0.00845569 3.77982 0.022082 -0.00136951 0.999755 0.223364
0.897767 -0.439992 -0.0205205 10.1406 0.439858 0.898001 -0.0109098 3.81362 0.0232277 0.000768345 0.99973 0.225798
0.897084 -0.441424 -0.0196232 10.1848 0.441225 0.897291 -0.0137491 3.84756 0.0236769 0.00367587 0.999713 0.226521
0.898142 -0.439318 -0.0184412 10.2279 0.439071 0.89831 -0.0160073 3.86107 0.0235983 0.00627984 0.999702 0.225519
0.897607 -0.440358 -0.0196749 10.2575 0.440141 0.897812 -0.0144873 3.87956 0.024044 0.00434419 0.999701 0.218193
0.897117 -0.441374 -0.0192496 10.2892 0.441244 0.897323 -0.0107663 3.89767 0.0220251 0.00116482 0.999757 0.210929
0.897767 -0.440154 -0.0167115 10.3399 0.44001 0.897917 -0.0116956 3.90915 0.0201534 0.00314666 0.999792 0.200557
0.896996 -0.441646 -0.0186365 10.3866 0.441524 0.897189 -0.0104567 3.92848 0.0213386 0.00115114 0.999772 0.198547
0.896475 -0.442643 -0.0199907 10.4318 0.44256 0.896697 -0.00864339 3.94551 0.0217515 -0.00109849 0.999763 0.20142
0.897028 -0.441474 -0.0209974 10.4804 0.441407 0.897272 -0.00798007 3.96344 0.0223633 -0.00211004 0.999748 0.204985
0.896778 -0.441994 -0.020753 10.5313 0.441894 0.897018 -0.0094297 3.99104 0.0227837 -0.000714279 0.99974 0.204936
0.896692 -0.442181 -0.0204923 10.5949 0.442108 0.896924 -0.0082256 4.02595 0.0220172 -0.00168397 0.999756 0.203132
0.896935 -0.441698 -0.0202741 10.6548 0.441597 0.897164 -0.00948254 4.05147 0.0223776 -0.000447771 0.999749 0.202732
0.896866 -0.441816 -0.0207464 10.7115 0.441699 0.897106 -0.0101776 4.08337 0.0231084 -3.57567e-05 0.999733 0.201499
0.896447 -0.44258 -0.0224878 10.7525 0.442514 0.896725 -0.00809086 4.10971 0.0237462 -0.00269813 0.999714 0.205333
0.896854 -0.441723 -0.023114 10.7937 0.441607 0.897151 -0.0102056 4.12281 0.0252448 -0.00105441 0.999681 0.21159
0.896533 -0.442351 -0.0235285 10.836 0.442243 0.896841 -0.00992692 4.14718 0.0254925 -0.00150549 0.999674 0.212165
0.896385 -0.442667 -0.0232268 10.8734 0.442556 0.896685 -0.0100105 4.17232 0.0252585 -0.00130589 0.99968 0.216808
0.896652 -0.442206 -0.0216289 10.9212 0.442058 0.896913 -0.0114887 4.193 0.0244797 0.000740172 0.9997 0.222525
0.896758 -0.442001 -0.0214419 10.9649 0.44189 0.897014 -0.00994588 4.21108 0.0236298 -0.000555923 0.999721 0.226084
0.89589 -0.44375 -0.021601 11.0136 0.44365 0.89615 -0.0094852 4.23337 0.0235668 -0.0010856 0.999722 0.231911
0.896039 -0.44341 -0.0223939 11.056 0.443214 0.896316 -0.0133438 4.24505 0.0259888 0.0020313 0.99966 0.233363
0.896823 -0.441699 -0.0247201 11.0787 0.441536 0.897163 -0.012021 4.26951 0.0274876 -0.000134096 0.999622 0.235362
0.896532 -0.442336 -0.0238584 11.1141 0.442225 0.896848 -0.0100548 4.29738 0.025845 -0.0015363 0.999665 0.239698
0.896443 -0.442684 -0.0204965 11.1628 0.442497 0.896674 -0.0131708 4.32291 0.0242092 0.00273722 0.999703 0.234407
0.896785 -0.442114 -0.0176397 11.2167 0.441899 0.896942 -0.0148255 4.34636 0.0223764 0.00550034 0.999735 0.22356
0.895737 -0.444268 -0.016786 11.2649 0.444046 0.895871 -0.015414 4.37941 0.0218861 0.00635312 0.99974 0.216998
0.896065 -0.443625 -0.0162588 11.3126 0.443365 0.896174 -0.0172888 4.40115 0.0222404 0.00828326 0.999718 0.207357
0.896476 -0.442783 -0.0165255 11.3637 0.442585 0.896611 -0.0143828 4.42141 0.0211854 0.00557989 0.99976 0.210679
0.896259 -0.443169 -0.0178942 11.4116 0.44306 0.896438 -0.00986557 4.45111 0.0204131 0.000913922 0.999791 0.215886
0.895667 -0.444372 -0.0176931 11.4621 0.444234 0.895839 -0.0112936 4.46831 0.0208687 0.00225544 0.99978 0.21185
0.895972 -0.443793 -0.0167679 11.5094 0.443627 0.89612 -0.0127843 4.4901 0.0206997 0.00401567 0.999778 0.209593
0.895865 -0.44397 -0.0178164 11.5516 0.443853 0.896041 -0.0102546 4.51659 0.020517 0.00127891 0.999789 0.213011
0.89535 -0.444986 -0.0183425 11.5973 0.444854 0.895536 -0.010923 4.53272 0.0212869 0.00162022 0.999772 0.215544
0.89642 -0.442758 -0.0199256 11.6366 0.442668 0.896641 -0.00895261 4.5508 0.0218299 -0.000795136 0.999761 0.222673
0.896422 -0.442727 -0.0204778 11.6802 0.44272 0.896645 -0.0051294 4.58146 0.0206323 -0.00446784 0.999777 0.229377
0.896012 -0.443565 -0.0203047 11.7291 0.44351 0.896239 -0.00737535 4.59893 0.0214693 -0.00239693 0.999767 0.230547
0.896315 -0.442904 -0.0213452 11.7738 0.442845 0.896565 -0.00765858 4.62256 0.0225294 -0.00258813 0.999743 0.235229
0.896029 -0.443424 -0.0225148 11.809 0.443365 0.896307 -0.00785988 4.65096 0.0236655 -0.0029396 0.999716 0.239645
0.895751 -0.444049 -0.0212381 11.8499 0.44394 0.896002 -0.00985617 4.66317 0.023406 -0.00059979 0.999726 0.240912
0.896057 -0.443413 -0.0216241 11.8893 0.443319 0.896317 -0.00922195 4.6816 0.0234712 -0.00132297 0.999724 0.241273
0.896217 -0.443033 -0.0227347 11.9286 0.443029 0.89649 -0.00548288 4.71189 0.0228105 -0.00515828 0.999727 0.237086
0.895765 -0.443932 -0.0230059 11.9778 0.443969 0.896034 -0.00378917 4.73677 0.0222962 -0.0068197 0.999728 0.233182
0.896094 -0.443286 -0.0226443 12.033 0.443329 0.896353 -0.00335734 4.75881 0.0217856 -0.0070304 0.999738 0.234608
0.896466 -0.442438 -0.0244381 12.068 0.442513 0.896758 -0.00253501 4.79226 0.0230367 -0.00854165 0.999698 0.230568
