0.999998 -0.00126855 -0.00180039 0.0503596 0.00125875 0.999984 -0.00543451 0.00517404 0.00180726 0.00543223 0.999984 -0.0129734
0.999995 -0.00195933 -0.0026616 0.0695515 0.00193193 0.999946 -0.0102557 0.0133783 0.00268154 0.0102505 0.999944 -0.00324683
0.999994 -0.00204894 -0.00278569 0.0675734 0.00200893 0.999896 -0.0142902 0.0264512 0.00281468 0.0142846 0.999894 0.00844724
0.999992 -0.00201146 -0.00353066 0.0671563 0.00195863 0.999887 -0.0149057 0.0372283 0.00356024 0.0148986 0.999883 0.0107187
0.99999 -0.00221143 -0.00397206 0.0659825 0.00215426 0.999895 -0.0143402 0.0238451 0.00400335 0.0143315 0.999889 0.00352163
0.999983 -0.00234003 -0.00541619 0.0683454 0.0022723 0.99992 -0.0124764 0.00909515 0.00544495 0.0124639 0.999907 -0.0140257
0.99997 -0.0027961 -0.00725754 0.0759211 0.0027294 0.999954 -0.00918525 -0.0144594 0.00728289 0.00916516 0.999931 -0.0220825
0.999973 -0.00249485 -0.00689061 0.0823028 0.00244388 0.99997 -0.00739645 -0.00469927 0.00690886 0.00737942 0.999949 -0.0190834
0.999985 -0.00245658 -0.004817 0.0909998 0.00242511 0.999976 -0.00652939 -0.00595209 0.00483292 0.00651762 0.999967 -0.0200484
0.999995 -0.00227924 -0.00204553 0.0864638 0.00226429 0.999971 -0.00728199 -0.00529411 0.00206207 0.00727732 0.999971 -0.0266787
0.999997 -0.00187914 -0.00134777 0.0529331 0.00186532 0.999946 -0.0101839 0.0095783 0.00136684 0.0101814 0.999947 -0.0369831
0.999997 -0.00218142 0.000823976 0.0557116 0.00219365 0.999883 -0.0151393 0.0165141 -0.000790854 0.015141 0.999885 -0.024632
0.999997 -0.00242518 0.000196118 0.0637168 0.00242796 0.999873 -0.0157333 0.0247631 -0.000157937 0.0157337 0.999876 -0.0177656
0.999997 -0.00248864 -0.000733032 0.0785421 0.00247766 0.99989 -0.014624 0.0228707 0.000769345 0.0146221 0.999893 -0.00724584
0.999995 -0.0023352 -0.00207642 0.0741673 0.00230771 0.999911 -0.0131453 0.0150539 0.00210693 0.0131405 0.999911 -0.026766
0.999991 -0.00241811 -0.003523 0.0676592 0.00237867 0.999935 -0.011158 0.0147559 0.00354975 0.0111495 0.999932 -0.0374495
0.999986 -0.00273988 -0.00445091 0.0618389 0.00269581 0.999948 -0.00987788 0.00150903 0.00447774 0.00986574 0.999941 -0.0429583
0.999986 -0.00280926 -0.00448637 0.0679433 0.00276694 0.999952 -0.00941334 -0.00638078 0.0045126 0.00940079 0.999946 -0.0370702
0.999989 -0.00277505 -0.00388335 0.0785035 0.00272904 0.999927 -0.0118025 0.0065914 0.00391582 0.0117918 0.999923 -0.0272597
0.999994 -0.00274895 -0.00189891 0.068982 0.00272265 0.999902 -0.0137166 0.0220446 0.00193643 0.0137113 0.999904 -0.00798644
0.99999 -0.00427715 -0.00130698 0.0596865 0.00425974 0.999906 -0.0130483 0.0109088 0.00136267 0.0130426 0.999914 0.00884196
0.999984 -0.00558562 -0.000530314 0.0540257 0.00557828 0.999901 -0.0129566 0.0101047 0.000602632 0.0129534 0.999916 0.0226321
0.999973 -0.00710488 -0.00173996 0.0828001 0.00708542 0.999915 -0.0109448 0.0236988 0.00181757 0.0109322 0.999939 0.0329844
0.999958 -0.00873599 -0.00283724 0.11797 0.00870838 0.999916 -0.00960121 0.0251849 0.00292087 0.00957609 0.99995 0.0284371
0.99994 -0.00973786 -0.00496791 0.130879 0.00970229 0.999927 -0.00713375 0.0149448 0.00503702 0.00708513 0.999962 0.0150972
0.999922 -0.0110339 -0.00581832 0.151059 0.0109998 0.999922 -0.00586673 0.015139 0.0058826 0.00580228 0.999966 0.0051048
0.999913 -0.0122742 -0.00476274 0.142145 0.0122462 0.999908 -0.00586855 0.0100319 0.00483433 0.00580972 0.999971 0.0201755
0.999908 -0.0132383 -0.00292524 0.160495 0.0132139 0.999879 -0.00821008 0.0197902 0.00303357 0.00817067 0.999962 0.013308
0.999906 -0.013681 -0.000551191 0.142617 0.0136741 0.999845 -0.0110795 0.0298504 0.000702684 0.0110709 0.999938 0.00457198
0.999886 -0.0150146 0.00127089 0.156571 0.0150323 0.99977 -0.0153087 0.0374512 -0.00104074 0.0153261 0.999882 -0.00851654
0.99987 -0.0160511 -0.00133798 0.192346 0.0160287 0.999754 -0.0153207 0.0263583 0.00158356 0.0152973 0.999882 0.00728035
0.999877 -0.0151108 -0.00427525 0.216139 0.0150347 0.999737 -0.0173089 -0.0041453 0.00453568 0.0172425 0.999841 0.00409801
0.999896 -0.0128152 -0.00658168 0.252627 0.012689 0.999741 -0.0188678 0.0214183 0.00682177 0.0187823 0.9998 -0.0188487
0.999899 -0.0125453 -0.0066501 0.277247 0.0124396 0.999799 -0.0157037 0.00882132 0.00684577 0.0156194 0.999855 0.0204642
0.999912 -0.012078 -0.00553534 0.277514 0.0120038 0.99984 -0.0132511 -0.000982563 0.0056945 0.0131835 0.999897 0.0461418
0.999928 -0.0118783 -0.00192291 0.266304 0.011849 0.999823 -0.0146233 -0.00391755 0.00209627 0.0145995 0.999891 0.0173608
0.999971 -0.00757124 -0.000877069 0.305952 0.00755768 0.999866 -0.0145502 0.0221707 0.000987114 0.0145431 0.999894 0.0276394
0.999986 -0.00495037 -0.00190479 0.278627 0.00492908 0.999927 -0.0110247 -0.0378841 0.00195922 0.0110152 0.999937 0.0523122
0.999991 0.000648127 -0.00412597 0.331994 -0.000684521 0.999961 -0.0088253 -0.0419682 0.00412009 0.00882805 0.999953 0.0579639
0.999945 0.0100453 -0.00293162 0.348729 -0.0100805 0.999874 -0.0122632 -0.0537 0.00280807 0.0122921 0.99992 0.0483729
0.999571 0.0292117 -0.0020086 0.37869 -0.02924 0.999445 -0.0159259 -0.114968 0.00154227 0.0159778 0.999871 0.0252428
0.998647 0.0520066 -0.0006011 0.398925 -0.0520082 0.998448 -0.0199172 -0.101744 -0.00043566 0.0199215 0.999801 0.0217041
0.997134 0.0756439 0.00125302 0.411002 -0.0755909 0.996839 -0.0244442 -0.0881837 -0.00309811 0.0242794 0.9997 0.030761
0.995178 0.0980461 0.00261352 0.442232 -0.0979412 0.99483 -0.0268602 -0.0770561 -0.00523355 0.0264747 0.999636 0.0464775
0.992516 0.122051 0.00388991 0.478611 -0.121875 0.992067 -0.0308179 -0.0765192 -0.00762041 0.0301132 0.999517 0.0594819
0.989359 0.145424 0.00458277 0.503734 -0.145196 0.988849 -0.0330882 -0.0906088 -0.00934349 0.0320707 0.999442 0.0587014
0.985626 0.168868 0.00502826 0.541329 -0.168612 0.985122 -0.0332416 -0.0723327 -0.0105669 0.031916 0.999435 0.0194606
0.981792 0.189952 0.00157974 0.556202 -0.189859 0.981515 -0.0241426 -0.102251 -0.00613647 0.0234031 0.999707 0.0514276
0.977955 0.208813 -0.00120116 0.583867 -0.20881 0.977869 -0.0130786 -0.152619 -0.0015564 0.0130411 0.999914 0.0392223
0.975879 0.218292 -0.00290302 0.565862 -0.218308 0.975856 -0.00689598 -0.119213 0.00132759 0.00736339 0.999972 0.0125626
0.97526 0.221033 -0.00346862 0.580349 -0.221049 0.975248 -0.00528798 -0.121397 0.00221395 0.00592389 0.99998 -0.00284477
0.975164 0.221454 -0.00376705 0.599693 -0.22147 0.975156 -0.00457678 -0.126081 0.00265992 0.0052974 0.999982 0.00098692
0.975768 0.218773 -0.00384062 0.631961 -0.218788 0.975764 -0.00404038 -0.124215 0.00286361 0.00478276 0.999984 0.0382827
0.976288 0.216458 -0.00277036 0.681917 -0.216472 0.976266 -0.00669871 -0.144601 0.00125462 0.00713957 0.999974 0.0445567
0.976492 0.215543 -0.00201326 0.713373 -0.215553 0.976442 -0.00989934 -0.131048 -0.000167907 0.0101006 0.999949 0.0374847
0.977067 0.212914 -0.00289975 0.737525 -0.212934 0.976995 -0.0117944 -0.120165 0.000321839 0.0121414 0.999926 0.0419551
0.977854 0.209242 -0.00429163 0.77777 -0.209279 0.977782 -0.0120604 -0.117159 0.00167274 0.0126915 0.999918 0.0442975
0.979323 0.20229 -0.00221317 0.768212 -0.202303 0.979264 -0.0107792 -0.0830989 -1.32567e-05 0.0110041 0.999939 -0.000137421
0.982549 0.185975 -0.00340477 0.784994 -0.185992 0.982535 -0.00572009 -0.0865474 0.00228151 0.00625352 0.999978 0.015821
0.985936 0.167072 -0.00404545 0.769224 -0.167087 0.985935 -0.00376798 -0.0749127 0.00335903 0.00439093 0.999985 0.0338575
0.989304 0.145815 -0.00385624 0.768085 -0.14583 0.989302 -0.00378121 -0.103475 0.00326363 0.00430312 0.999985 0.0541222
0.992518 0.121998 -0.00499963 0.800914 -0.122011 0.992526 -0.00243124 -0.0773344 0.00466565 0.00302306 0.999985 0.0529977
0.995524 0.0943181 -0.00591738 0.888511 -0.0943248 0.995541 -0.000862896 -0.0397005 0.00580961 0.00141719 0.999982 0.0558247
0.997835 0.0656393 -0.00397887 0.892415 -0.0656573 0.997832 -0.0045586 -0.0487649 0.00367102 0.00480997 0.999982 0.0274922
0.999324 0.0364185 -0.00511445 0.944415 -0.0364371 0.99933 -0.00358108 -0.0432904 0.00498061 0.00376501 0.999981 0.0629564
0.999917 0.0111469 -0.00650001 0.955578 -0.0111944 0.999911 -0.00732661 -0.0486891 0.00641776 0.00739876 0.999952 0.0184753
0.999872 -0.0149777 -0.00568028 0.956553 0.0149452 0.999872 -0.00571559 -0.0285646 0.00576516 0.00562996 0.999968 0.0435668
0.999105 -0.0419734 -0.00518128 1.02203 0.0419468 0.999107 -0.00514364 -0.00722588 0.00539255 0.0049217 0.999973 0.0125564
0.997537 -0.0700375 -0.00395824 1.06995 0.0700192 0.997535 -0.00457756 0.0181153 0.00426909 0.00428913 0.999982 -0.0161669
0.995115 -0.0985868 -0.00511939 1.09675 0.0985691 0.995124 -0.0036053 -0.0110299 0.00544986 0.00308308 0.99998 1.0242e-05
0.992186 -0.12465 -0.00546421 1.13336 0.124633 0.992197 -0.00343125 -0.0187216 0.00584928 0.00272342 0.999979 0.0326812
0.988562 -0.150706 -0.00574012 1.18334 0.150688 0.988575 -0.00348714 0.0127287 0.00620007 0.00258229 0.999977 0.0257814
0.984393 -0.175898 -0.00546915 1.17367 0.175893 0.984408 -0.00147036 0.00221962 0.00564251 0.000485427 0.999984 0.0283998
0.979754 -0.200164 -0.00404133 1.24292 0.200151 0.979759 -0.00338607 -0.00280574 0.0046373 0.00250864 0.999986 0.00558591
0.975147 -0.221539 -0.0029023 1.26213 0.221526 0.975145 -0.00428269 0.0123036 0.00377895 0.00353332 0.999987 -0.0128855
0.971188 -0.238305 -0.00209532 1.29122 0.23829 0.971178 -0.00548237 0.00383046 0.0033414 0.00482512 0.999983 -0.0194237
0.965628 -0.259909 -0.00317288 1.26562 0.259899 0.965631 -0.00307218 0.0642477 0.00386231 0.00214196 0.99999 -0.00690816
0.959092 -0.283056 -0.00472416 1.30542 0.283043 0.959102 -0.00323368 0.040897 0.00544626 0.00176426 0.999984 -0.00604168
0.95243 -0.304733 -0.00373063 1.39563 0.304692 0.95241 -0.00884543 0.0742045 0.00624858 0.00728796 0.999954 -0.0465876
0.945618 -0.325271 -0.00224011 1.40882 0.325246 0.945598 -0.00768844 0.0788743 0.00461907 0.00654174 0.999968 -0.0318242
0.938458 -0.34539 -0.00172492 1.4263 0.345366 0.938432 -0.00818887 0.079856 0.00444708 0.00708918 0.999965 -0.0329249
0.932692 -0.360672 -0.00147403 1.43398 0.360645 0.932659 -0.00904923 0.104428 0.00463857 0.00790854 0.999958 -0.0386333
0.926797 -0.375548 -0.003183 1.45224 0.375526 0.926793 -0.0059281 0.102996 0.00517627 0.00429884 0.999977 -0.0106067
0.922986 -0.384819 -0.00344571 1.48787 0.384804 0.922988 -0.00443505 0.122861 0.00488704 0.00276757 0.999984 0.00198347
0.920507 -0.39071 -0.00354299 1.51562 0.390688 0.920506 -0.00571866 0.111872 0.00549568 0.00387986 0.999977 -0.00830239
0.917022 -0.398825 -0.00313364 1.56632 0.398799 0.917014 -0.00665307 0.132938 0.005527 0.00485132 0.999973 -0.000889842
0.913983 -0.405737 -0.00359131 1.58312 0.405705 0.913976 -0.00718865 0.173978 0.00619907 0.00511329 0.999968 -0.0188317
0.911301 -0.411721 -0.00396357 1.58828 0.411684 0.911294 -0.00777266 0.177134 0.00681214 0.0054515 0.999962 -0.0519571
0.90978 -0.415077 -0.00338834 1.60613 0.41503 0.909756 -0.00966262 0.180907 0.00709329 0.0073846 0.999948 -0.02843
0.908858 -0.417094 -0.00310254 1.62936 0.417043 0.908826 -0.0105124 0.200004 0.00720431 0.00826037 0.99994 -0.00097908
0.907872 -0.419243 -0.00206501 1.65299 0.419198 0.907829 -0.0109715 0.228308 0.00647441 0.0090951 0.999938 0.00538858
0.907272 -0.420535 -0.00299484 1.69083 0.420498 0.907253 -0.00850961 0.232388 0.00629567 0.0064612 0.999959 -0.0131223
0.906663 -0.421834 -0.00433003 1.71861 0.4218 0.906662 -0.00703313 0.251328 0.00689268 0.00455027 0.999966 -0.0233906
0.906653 -0.421861 -0.00373813 1.74438 0.421826 0.906645 -0.00762796 0.264616 0.00660709 0.00533907 0.999964 -0.0144793
0.906603 -0.421968 -0.00379083 1.74811 0.421934 0.906596 -0.00740163 0.282791 0.00656 0.00511086 0.999965 -0.00894109
0.907001 -0.421109 -0.00400032 1.80932 0.42107 0.906993 -0.00799357 0.293468 0.00699442 0.00556577 0.99996 -0.00858495
0.908303 -0.418296 -0.00370084 1.81568 0.41826 0.908293 -0.00790051 0.312105 0.0066662 0.00562815 0.999962 -0.0274421
0.908102 -0.418734 -0.00361229 1.8081 0.418704 0.908097 -0.00687185 0.325534 0.00615778 0.00472786 0.99997 -0.0314784
0.908576 -0.417702 -0.00396723 1.84474 0.417672 0.908574 -0.00666053 0.34809 0.00638664 0.0043946 0.99997 -0.0119049
0.909224 -0.416281 -0.00477567 1.87972 0.416251 0.909229 -0.00609999 0.353124 0.00688148 0.00355837 0.99997 0.00475128
0.90965 -0.415353 -0.00430236 1.89618 0.415316 0.909647 -0.00734779 0.346466 0.00696555 0.00489708 0.999964 0.0316771
0.910748 -0.412945 -0.00392877 1.94065 0.412904 0.910737 -0.00830447 0.379797 0.00700736 0.00594107 0.999958 0.0203083
0.911537 -0.411195 -0.00445704 1.948 0.411166 0.911539 -0.00627218 0.408111 0.00664185 0.00388474 0.99997 -0.00793635
0.912886 -0.408197 -0.00380461 1.99387 0.408173 0.912887 -0.00573264 0.392098 0.00581322 0.00368031 0.999976 -0.0328519
0.91364 -0.40651 -0.00332688 2.00727 0.406487 0.913637 -0.0060387 0.425103 0.00549436 0.00416487 0.999976 0.000414662
0.914631 -0.404266 -0.00429293 2.05433 0.404228 0.914626 -0.00765747 0.448995 0.00702208 0.00526844 0.999961 0.00866861
0.916016 -0.401114 -0.00467464 2.09254 0.401049 0.915994 -0.0107661 0.472908 0.00860036 0.00798714 0.999931 0.00848425
0.917397 -0.397949 -0.00438298 2.12917 0.397875 0.91736 -0.0121015 0.483817 0.00883654 0.00935798 0.999917 0.00247497
0.918947 -0.394344 -0.0055105 2.11723 0.394279 0.918936 -0.0100396 0.476357 0.00902287 0.00705322 0.999934 -0.000889805
0.920896 -0.389771 -0.00540354 2.12785 0.389714 0.92089 -0.0092086 0.475505 0.00856531 0.00637433 0.999943 0.00714886
0.922137 -0.386833 -0.00490719 2.16249 0.386771 0.922119 -0.010196 0.514153 0.00846915 0.00750412 0.999936 0.00443322
0.923308 -0.384034 -0.00443268 2.20644 0.383968 0.923279 -0.0111208 0.538297 0.00836335 0.00856588 0.999928 0.0204017
0.924308 -0.381634 -0.00334841 2.22817 0.381558 0.924245 -0.0135964 0.550294 0.0082836 0.0112897 0.999902 0.0124358
0.924972 -0.380007 -0.00472449 2.26535 0.379937 0.924943 -0.011361 0.558237 0.00868713 0.00871356 0.999924 0.0127372
0.926113 -0.377181 -0.00697571 2.29232 0.377111 0.926118 -0.00963379 0.543514 0.010094 0.00629137 0.999929 0.00981023
0.92661 -0.375957 -0.00711939 2.31093 0.375892 0.92662 -0.00896973 0.557261 0.0099692 0.00563531 0.999934 0.0108548
0.927093 -0.37478 -0.00627255 2.33682 0.374709 0.927087 -0.0101906 0.56694 0.00963445 0.00709728 0.999928 -0.0102778
0.927884 -0.37283 -0.00535502 2.38703 0.372777 0.92788 -0.00875589 0.586599 0.00823327 0.00612822 0.999947 -0.012706
0.927943 -0.372687 -0.00506176 2.42925 0.372624 0.927926 -0.0102491 0.610824 0.00851665 0.00762448 0.999935 -0.0230633
0.928795 -0.370532 -0.00675938 2.46517 0.370488 0.928811 -0.00703396 0.609026 0.00888449 0.00402884 0.999952 -0.00162691
0.928882 -0.370327 -0.00603005 2.50989 0.370258 0.928874 -0.0101071 0.629399 0.00934408 0.00715561 0.999931 0.00859699
0.929494 -0.368788 -0.00601625 2.53383 0.368691 0.929461 -0.0130217 0.630084 0.0103941 0.00988548 0.999897 -0.00726902
0.929904 -0.367746 -0.00639369 2.57031 0.367633 0.929864 -0.0141373 0.655085 0.0111442 0.0107958 0.99988 -0.0178586
0.93016 -0.367093 -0.00664623 2.60265 0.36699 0.930134 -0.0130414 0.669518 0.0109693 0.00969153 0.999893 -0.0244118
0.930785 -0.365503 -0.00676388 2.63016 0.365417 0.930775 -0.0113408 0.680054 0.0104407 0.00808421 0.999913 -0.0136675
0.930828 -0.365398 -0.00663508 2.68071 0.365328 0.930827 -0.0098137 0.682448 0.00976202 0.00671088 0.99993 0.0242114
0.931347 -0.364084 -0.00602547 2.71743 0.364012 0.931336 -0.0104004 0.686247 0.00939835 0.00749301 0.999928 0.0445661
0.931566 -0.363523 -0.00598932 2.74978 0.363447 0.931551 -0.0108784 0.695199 0.00953391 0.00795717 0.999923 0.0519437
0.931631 -0.363367 -0.00520511 2.77785 0.363288 0.9316 -0.0119985 0.717573 0.00920894 0.00928723 0.999914 0.0591947
0.931874 -0.362723 -0.00656598 2.80638 0.362647 0.931867 -0.0105044 0.724953 0.00992882 0.00740766 0.999923 0.0313452
0.932223 -0.36181 -0.00737839 2.83705 0.361751 0.932239 -0.00818184 0.722826 0.00983869 0.00495816 0.999939 0.0206383
0.932593 -0.36084 -0.00800144 2.85377 0.360793 0.932621 -0.00677263 0.726847 0.00990615 0.00342924 0.999945 0.0265537
0.932788 -0.360347 -0.00754198 2.89021 0.360289 0.932806 -0.00805221 0.747878 0.00993679 0.00479371 0.999939 0.0468241
0.933178 -0.359322 -0.0081291 2.89402 0.359269 0.933206 -0.00728205 0.783543 0.0102027 0.00387492 0.99994 0.0552485
0.933135 -0.35943 -0.00829565 2.95331 0.359377 0.933164 -0.00723196 0.776497 0.0103406 0.00376713 0.999939 0.056421
0.933709 -0.357966 -0.00695424 2.98224 0.3579 0.933714 -0.00922584 0.809022 0.00979581 0.00612533 0.999933 0.0442695
0.933964 -0.357289 -0.0074742 2.99502 0.357243 0.933987 -0.00681777 0.809763 0.00941672 0.00369745 0.999949 0.0377625
0.934572 -0.355706 -0.00700996 3.02921 0.355655 0.934587 -0.00753877 0.81442 0.009233 0.0045524 0.999947 0.0424268
0.935046 -0.354451 -0.00727498 3.04857 0.354393 0.935061 -0.00820169 0.820382 0.00970965 0.00509076 0.99994 0.0468395
0.935512 -0.353197 -0.00828782 3.08348 0.353144 0.935541 -0.00718028 0.835602 0.0102896 0.00379044 0.99994 0.0565195
0.935543 -0.353129 -0.00772741 3.13838 0.353074 0.935564 -0.00765068 0.853352 0.00993116 0.0044292 0.999941 0.0437501
0.935853 -0.352314 -0.00731596 3.17327 0.352261 0.935871 -0.0076156 0.870209 0.00952987 0.00454996 0.999944 0.0541027
0.936078 -0.351709 -0.007719 3.20583 0.351656 0.9361 -0.00742013 0.885813 0.00983548 0.00423138 0.999943 0.0484979
0.936456 -0.35067 -0.00894333 3.24166 0.350599 0.936486 -0.00861484 0.905892 0.0113963 0.00493189 0.999923 0.0349804
0.936433 -0.35076 -0.00779475 3.28381 0.350674 0.936438 -0.0105909 0.911608 0.0110142 0.00718425 0.999914 0.0544047
0.936473 -0.350616 -0.00938145 3.33656 0.350542 0.936507 -0.00863069 0.939304 0.0118118 0.00479381 0.999919 0.0378496
0.936937 -0.349367 -0.00955263 3.37525 0.349279 0.936968 -0.00975593 0.941521 0.0123589 0.00580416 0.999907 0.0212813
0.93692 -0.349419 -0.00933348 3.41017 0.349341 0.936952 -0.00908942 0.948786 0.011921 0.0052555 0.999915 0.0254643
0.937037 -0.349126 -0.0085009 3.45008 0.349042 0.937054 -0.00997135 0.956904 0.0114471 0.00637635 0.999914 0.0540416
0.937343 -0.348285 -0.0092621 3.47914 0.348215 0.937377 -0.00838735 0.976904 0.0116033 0.00463662 0.999922 0.0593762
0.937852 -0.346922 -0.00886911 3.51577 0.346839 0.937875 -0.00965916 0.965699 0.0116691 0.00598271 0.999914 0.0187561
0.937972 -0.346611 -0.00839654 3.55143 0.346535 0.937991 -0.00924823 1.00855 0.0110814 0.00576488 0.999922 0.00634475
0.938121 -0.346191 -0.00893534 3.60093 0.34612 0.938151 -0.00856287 1.0189 0.0113471 0.00494031 0.999923 0.00778426
0.93846 -0.345253 -0.00966827 3.63685 0.345192 0.938502 -0.00750059 1.04629 0.0116633 0.00370159 0.999925 0.0214593
0.938586 -0.344928 -0.00902854 3.6694 0.34486 0.938618 -0.0082938 1.04845 0.0113351 0.00467087 0.999925 0.0307016
0.93877 -0.34441 -0.00962609 3.70776 0.344351 0.938812 -0.00731546 1.06408 0.0115566 0.00355278 0.999927 0.0415131
0.938943 -0.343934 -0.00977325 3.74277 0.343852 0.938979 -0.00912534 1.06383 0.0123154 0.00520762 0.999911 0.0180252
0.939067 -0.343616 -0.00900696 3.77158 0.34353 0.93909 -0.00984454 1.05596 0.0118411 0.00615053 0.999911 0.0289716
0.939114 -0.343506 -0.00832866 3.79859 0.343405 0.939117 -0.0114913 1.07283 0.0117689 0.00793152 0.999899 0.0280093
0.939298 -0.343002 -0.00834133 3.82547 0.342903 0.939303 -0.011303 1.10211 0.011712 0.0077566 0.999901 0.04916
0.939652 -0.342019 -0.00878458 3.9007 0.34192 0.939664 -0.0110692 1.12414 0.0120404 0.00739755 0.9999 0.0426525
0.939788 -0.341636 -0.00909026 3.93021 0.34155 0.939812 -0.00982192 1.13901 0.0118987 0.00612575 0.99991 0.07794
0.940408 -0.339942 -0.00846888 3.97378 0.339867 0.940429 -0.00911682 1.15614 0.0110636 0.00569524 0.999923 0.0761225
0.940284 -0.340275 -0.00884994 4.02148 0.340209 0.940315 -0.00811386 1.16738 0.0110827 0.0046185 0.999928 0.0779383
0.94087 -0.338633 -0.00952162 4.07751 0.338579 0.940913 -0.00689245 1.17253 0.011293 0.00326108 0.999931 0.0677308
0.941092 -0.338007 -0.00987181 4.11719 0.337959 0.94114 -0.00621759 1.20729 0.0113923 0.00251505 0.999932 0.056653
0.941206 -0.337694 -0.00972527 4.15497 0.337631 0.941248 -0.00754924 1.22651 0.0117032 0.00382183 0.999924 0.0273986
0.941431 -0.337056 -0.010013 4.19662 0.337022 0.941484 -0.00497172 1.22327 0.0111028 0.00130593 0.999938 0.0661667
0.941614 -0.336521 -0.0107929 4.21199 0.336484 0.941675 -0.00517725 1.22899 0.0119056 0.00124334 0.999928 0.0666244
0.941954 -0.335544 -0.011517 4.23883 0.335525 0.942024 -0.0035608 1.24603 0.0120441 -0.000510131 0.999927 0.0556124
0.942085 -0.335174 -0.0115684 4.27524 0.335162 0.942156 -0.00305049 1.265 0.0119216 -0.00100345 0.999928 0.0315384
0.942406 -0.334276 -0.0114702 4.33523 0.334263 0.942475 -0.00306641 1.28517 0.0118354 -0.000944253 0.999929 0.0525396
0.942394 -0.334286 -0.0121179 4.37982 0.33426 0.942472 -0.00410625 1.29978 0.0127935 -0.000180844 0.999918 0.0886
0.942545 -0.333907 -0.0106891 4.43105 0.333857 0.942603 -0.00619783 1.3104 0.0121451 0.00227309 0.999924 0.0730505
0.942484 -0.334118 -0.00942631 4.47256 0.334038 0.942515 -0.009102 1.3461 0.0119256 0.00542974 0.999914 0.0717108
0.942549 -0.333892 -0.0108141 4.49458 0.333814 0.942602 -0.00837872 1.35231 0.012991 0.00428744 0.999906 0.088139
0.942831 -0.333059 -0.0119165 4.54093 0.332984 0.9429 -0.00788791 1.34067 0.0138632 0.00346896 0.999898 0.0982389
0.943365 -0.331536 -0.0121404 4.53133 0.331441 0.943431 -0.00920535 1.37851 0.0145056 0.00466017 0.999884 0.0561452
0.94317 -0.332139 -0.010644 4.57466 0.332008 0.943195 -0.0123909 1.38263 0.0141548 0.00815285 0.999867 0.0375311
0.943398 -0.331485 -0.0108113 4.61467 0.331358 0.943428 -0.0120314 1.40655 0.0141879 0.00776798 0.999869 0.0694434
0.943749 -0.330506 -0.0101236 4.65295 0.330393 0.943775 -0.0114072 1.40964 0.0133246 0.00742076 0.999884 0.0681511
0.9441 -0.329519 -0.00960897 4.67703 0.329402 0.944114 -0.0119181 1.43818 0.0129992 0.00808665 0.999883 0.0845089
0.944443 -0.328506 -0.01057 4.72529 0.32838 0.944469 -0.0120162 1.44048 0.0139304 0.00787768 0.999872 0.0775611
0.944489 -0.328337 -0.0115904 4.79322 0.32826 0.944553 -0.00809137 1.46388 0.0136044 0.00383757 0.9999 0.0940978
0.944964 -0.326976 -0.0113465 4.81582 0.326911 0.945027 -0.007241 1.47007 0.0130903 0.0031332 0.999909 0.0722178
0.944906 -0.327115 -0.0122162 4.846 0.32702 0.944973 -0.00912851 1.47369 0.0145301 0.00463064 0.999884 0.0641994
0.94501 -0.326822 -0.0119468 4.89434 0.326744 0.945079 -0.00805008 1.49638 0.0139216 0.00370386 0.999896 0.0907813
0.945557 -0.32523 -0.012174 4.95128 0.325168 0.945632 -0.00678784 1.52266 0.0137197 0.00245969 0.999903 0.0572315
0.945574 -0.325211 -0.0112678 5.00397 0.325122 0.945629 -0.00902925 1.53992 0.0135915 0.00487443 0.999896 0.0507613
0.945743 -0.32467 -0.0126696 5.03399 0.324569 0.945815 -0.0094024 1.58439 0.0150358 0.00478008 0.999875 0.0872612
0.94589 -0.324184 -0.0140492 5.10762 0.324096 0.945988 -0.00825256 1.57746 0.0159658 0.00325271 0.999867 0.073796
0.945998 -0.32391 -0.0130641 5.14805 0.323831 0.946082 -0.00784685 1.6221 0.0149014 0.00319253 0.999884 0.0631406
0.946281 -0.323126 -0.0119127 5.19382 0.32301 0.946335 -0.0106482 1.63311 0.0147141 0.00622826 0.999872 0.0890337
0.946575 -0.322207 -0.0133439 5.23182 0.32209 0.946654 -0.0102487 1.64207 0.0159343 0.00540327 0.999858 0.0667883
0.94627 -0.323074 -0.0139819 5.26518 0.322957 0.946361 -0.0100174 1.67094 0.0164682 0.00496367 0.999852 0.0605227
0.946183 -0.32327 -0.0152856 5.32863 0.323189 0.946304 -0.0075944 1.66005 0.0169199 0.00224556 0.999854 0.0597947
0.946085 -0.323624 -0.0138245 5.38188 0.323521 0.946177 -0.00917444 1.67885 0.0160494 0.00420729 0.999862 0.0927197
0.945817 -0.324456 -0.0126317 5.40292 0.324319 0.945875 -0.01174 1.70578 0.0157571 0.00700721 0.999851 0.104471
0.945272 -0.326059 -0.0120894 5.44232 0.325918 0.945319 -0.0122275 1.71621 0.0154152 0.00761814 0.999852 0.108366
0.944754 -0.327526 -0.012915 5.50085 0.327393 0.944819 -0.011417 1.72144 0.0159417 0.00655793 0.999851 0.100031
0.943428 -0.331311 -0.0132683 5.54299 0.331204 0.94351 -0.00969168 1.75754 0.0157297 0.00474888 0.999865 0.0854149
0.941312 -0.337243 -0.0140768 5.5937 0.337156 0.941413 -0.00821988 1.7739 0.0160241 0.00299142 0.999867 0.114869
0.938755 -0.344313 -0.0136667 5.62688 0.34421 0.938846 -0.00932646 1.76877 0.0160421 0.00405105 0.999863 0.113077
0.934765 -0.355009 -0.013543 5.69502 0.354879 0.934846 -0.0111423 1.81294 0.0166163 0.00560925 0.999846 0.0968255
0.929259 -0.36916 -0.0140804 5.77035 0.369087 0.929364 -0.0075705 1.80884 0.0158805 0.00183808 0.999872 0.12459
0.922605 -0.385503 -0.0137082 5.82232 0.385484 0.922705 -0.00414058 1.82275 0.0142449 -0.00146417 0.999897 0.139947
0.917634 -0.397211 -0.013071 5.87167 0.397193 0.917726 -0.00402309 1.84941 0.0135936 -0.00149999 0.999906 0.133097
0.914642 -0.404046 -0.0132819 5.89059 0.404047 0.914734 -0.00270942 1.89411 0.0132442 -0.00288838 0.999908 0.119778
0.91327 -0.40721 -0.0108428 5.98065 0.407154 0.913332 -0.00702542 1.92415 0.0127639 0.0020014 0.999917 0.0771638
0.91195 -0.410174 -0.0102252 5.98053 0.410108 0.912002 -0.00797375 1.94698 0.012596 0.00307824 0.999916 0.0519297
0.910336 -0.413707 -0.0116591 6.05299 0.413698 0.910408 -0.00323792 1.96899 0.0119541 -0.00187576 0.999927 0.0505161
0.909692 -0.415162 -0.0100775 6.09863 0.415098 0.909742 -0.00790676 1.96384 0.0124505 0.00300958 0.999918 0.0821267
0.909368 -0.41591 -0.00832315 6.15227 0.41583 0.90939 -0.00978667 2.02147 0.0116394 0.00543867 0.999917 0.0329742
0.908434 -0.417879 -0.0111549 6.19864 0.417873 0.908501 -0.00299051 2.02636 0.0113839 -0.00194464 0.999933 0.040915
0.907796 -0.419204 -0.0132232 6.25982 0.419251 0.90787 0.000872448 2.02268 0.0116392 -0.00633584 0.999912 0.0598544
0.907592 -0.419667 -0.0124665 6.31217 0.419659 0.907676 -0.00340086 2.0629 0.0127428 -0.00214509 0.999916 0.0663193
0.907579 -0.419733 -0.0111384 6.34535 0.419657 0.907642 -0.00858461 2.10454 0.0137129 0.0031169 0.999901 0.0624898
0.907417 -0.420106 -0.0103137 6.38913 0.419988 0.907453 -0.0118177 2.12343 0.0143238 0.00639192 0.999877 0.0621982
0.908187 -0.418465 -0.00915614 6.45375 0.418337 0.908197 -0.0131323 2.14546 0.013811 0.00809623 0.999872 0.0647927
0.908597 -0.417539 -0.0106168 6.45656 0.417414 0.908635 -0.0121936 2.17579 0.0147381 0.00664744 0.999869 0.0994995
0.909654 -0.415203 -0.011691 6.50798 0.415056 0.909701 -0.0131108 2.16029 0.016079 0.00707384 0.999846 0.116935
0.910752 -0.41274 -0.0132466 6.55278 0.412617 0.910837 -0.0111003 2.2283 0.0166471 0.00464387 0.999851 0.143361
0.913199 -0.407321 -0.0125486 6.64432 0.407205 0.913273 -0.0108356 2.25273 0.0158738 0.00478524 0.999863 0.113941
0.915671 -0.401783 -0.0107962 6.70385 0.401634 0.915698 -0.0136839 2.27947 0.0153841 0.00819384 0.999848 0.111617
0.918153 -0.396075 -0.0109357 6.75827 0.395891 0.918162 -0.0157617 2.31641 0.0162836 0.0101423 0.999816 0.124422
0.920008 -0.391742 -0.0110797 6.78918 0.391541 0.920009 -0.0167027 2.32068 0.0167365 0.0110285 0.999799 0.129581
0.921977 -0.38698 -0.0143399 6.8608 0.386861 0.922079 -0.010409 2.34964 0.0172506 0.00404929 0.999843 0.152648
0.923307 -0.383694 -0.0168134 6.91517 0.383667 0.923459 -0.00493644 2.37583 0.0174206 -0.00189289 0.999846 0.168064
0.924329 -0.381265 -0.0158982 6.97061 0.381219 0.924465 -0.00597073 2.37796 0.0169738 -0.000541774 0.999856 0.183408
0.925107 -0.379438 -0.014311 7.00977 0.379347 0.925214 -0.00872275 2.41171 0.0165504 0.00264065 0.99986 0.151713
0.925744 -0.377901 -0.0137617 7.07021 0.377773 0.925832 -0.0110609 2.41149 0.016921 0.00504081 0.999844 0.151567
0.926689 -0.375595 -0.0132702 7.10433 0.375472 0.92677 -0.0108834 2.421 0.0163862 0.00510292 0.999853 0.185594
0.927908 -0.372557 -0.013713 7.13568 0.372462 0.928003 -0.00904057 2.43448 0.0160938 0.00328125 0.999865 0.180542
0.928324 -0.371532 -0.0133993 7.15516 0.371436 0.928414 -0.00910307 2.45921 0.0158222 0.00347359 0.999869 0.131534
0.929036 -0.369722 -0.0140764 7.20834 0.369624 0.929137 -0.00913399 2.47579 0.016456 0.00328283 0.999859 0.159254
0.929552 -0.368415 -0.0142866 7.26273 0.368325 0.929658 -0.00854777 2.48766 0.0164308 0.00268346 0.999861 0.170398
0.929946 -0.367445 -0.0135752 7.2791 0.367344 0.930038 -0.00937586 2.51269 0.0160705 0.00373229 0.999864 0.154444
0.930045 -0.367198 -0.0135239 7.32125 0.36707 0.930128 -0.0110276 2.51441 0.0166283 0.00529198 0.999848 0.133327
0.93082 -0.365181 -0.0147287 7.36585 0.365112 0.930935 -0.00723885 2.54298 0.016355 0.00136044 0.999865 0.157087
0.931446 -0.363519 -0.0161851 7.41953 0.363507 0.931584 -0.00377951 2.55488 0.0164517 -0.002363 0.999862 0.151366
0.932052 -0.361949 -0.0164774 7.48732 0.361932 0.932195 -0.00415408 2.58886 0.0168637 -0.00209187 0.999856 0.144707
0.932494 -0.360858 -0.0153813 7.54056 0.360816 0.932621 -0.00556862 2.60577 0.0163544 -0.000357117 0.999866 0.139884
0.932548 -0.360759 -0.0143731 7.56387 0.360711 0.932659 -0.00590864 2.63036 0.0155368 0.000325563 0.999879 0.110231
0.933097 -0.35928 -0.0157185 7.5879 0.359251 0.933229 -0.00475664 2.62618 0.0163779 -0.00120846 0.999865 0.105793
0.933511 -0.358192 -0.0159675 7.6306 0.358165 0.933647 -0.00464514 2.64619 0.0165719 -0.00138272 0.999862 0.113675
0.933789 -0.357492 -0.0153951 7.67546 0.357443 0.933916 -0.00595014 2.67651 0.0165049 5.33038e-05 0.999864 0.118944
0.934469 -0.355746 -0.0146039 7.73118 0.355701 0.934583 -0.00565674 2.67989 0.0156609 9.14182e-05 0.999877 0.0859069
0.934967 -0.354414 -0.0151004 7.77775 0.354364 0.935089 -0.00592625 2.72391 0.0162206 0.000189801 0.999868 0.107692
0.934977 -0.354324 -0.0164965 7.81135 0.354299 0.935121 -0.00455528 2.72112 0.0170402 -0.00158559 0.999854 0.104529
0.93549 -0.353 -0.0157706 7.86139 0.352988 0.935621 -0.0036401 2.72108 0.0160403 -0.00216155 0.999869 0.0721658
0.935847 -0.352085 -0.0150353 7.93293 0.352059 0.935967 -0.00443506 2.78384 0.0156341 -0.00114276 0.999877 0.0934772
0.935915 -0.351912 -0.0148583 7.96666 0.351858 0.936033 -0.00621637 2.79115 0.0160955 0.000589978 0.99987 0.0822213
0.936336 -0.350806 -0.0145241 7.99526 0.350715 0.936444 -0.008474 2.79351 0.0165738 0.00284068 0.999859 0.0815301
0.936646 -0.349998 -0.0140164 8.03476 0.349911 0.936746 -0.00829564 2.82195 0.0160333 0.00286558 0.999867 0.083225
0.936831 -0.349458 -0.0150872 8.08256 0.349393 0.936951 -0.00682373 2.82105 0.0165205 0.00112134 0.999863 0.122625
0.936888 -0.349265 -0.015982 8.15416 0.349189 0.937023 -0.00738989 2.8588 0.0175566 0.00134275 0.999845 0.110586
0.937027 -0.348879 -0.0162709 8.20559 0.348835 0.937168 -0.00553837 2.89842 0.0171808 -0.000486277 0.999852 0.112066
0.936924 -0.349153 -0.0163141 8.27744 0.349074 0.937065 -0.00753574 2.88514 0.0179185 0.00136556 0.999838 0.135729
0.936384 -0.350541 -0.0174869 8.30963 0.350424 0.936543 -0.00947023 2.90193 0.019697 0.00273993 0.999802 0.148652
0.936382 -0.35054 -0.0176415 8.36097 0.350414 0.936543 -0.00986365 2.92407 0.0199797 0.0030543 0.999796 0.155576
0.936523 -0.350151 -0.0178501 8.41671 0.350071 0.936693 -0.00750962 2.92854 0.0193496 0.000784107 0.999812 0.142649
0.935816 -0.352145 -0.0155738 8.48256 0.352057 0.935943 -0.00813274 2.97042 0.0174401 0.00212788 0.999846 0.128579
0.935199 -0.353818 -0.0146663 8.51205 0.353715 0.935308 -0.0091777 3.01886 0.0169647 0.00339528 0.99985 0.14673
0.933951 -0.357106 -0.0145457 8.56155 0.357009 0.934059 -0.00890777 3.05815 0.0167675 0.00312649 0.999855 0.143297
0.932222 -0.361415 -0.018494 8.59859 0.361415 0.932399 -0.00345675 3.0316 0.0184931 -0.00346156 0.999823 0.154339
0.929611 -0.368072 -0.018611 8.62174 0.368041 0.929795 -0.00520694 3.06281 0.0192209 -0.00200917 0.999813 0.152955
0.926167 -0.376646 -0.0187758 8.66567 0.376646 0.92635 -0.00371151 3.10437 0.0187909 -0.00363434 0.999817 0.149525
0.920605 -0.38997 -0.0202522 8.71793 0.390035 0.9208 -0.000826315 3.09543 0.0189705 -0.00713837 0.999795 0.16534
0.915535 -0.401656 -0.0216433 8.75031 0.401741 0.915753 -0.000458221 3.10546 0.020004 -0.00827548 0.999766 0.159866
0.911033 -0.411812 -0.0207411 8.79902 0.411836 0.911252 -0.00328069 3.10168 0.0202514 -0.00555314 0.99978 0.153045
0.909044 -0.416268 -0.0189903 8.81991 0.41625 0.909236 -0.00505044 3.12865 0.019369 -0.00331364 0.999807 0.150213
0.907889 -0.4188 -0.018549 8.86373 0.418725 0.908078 -0.00791229 3.17318 0.0201576 -0.000583461 0.999797 0.133972
0.906786 -0.421211 -0.0178854 8.91164 0.421091 0.906961 -0.0102316 3.1795 0.020531 0.0017465 0.999788 0.131681
0.905764 -0.423447 -0.0168432 8.95919 0.42328 0.905911 -0.0126672 3.21791 0.0206223 0.00434414 0.999778 0.116389
0.904479 -0.426122 -0.0183925 8.98335 0.426025 0.904666 -0.00905482 3.25893 0.0204975 0.00035421 0.99979 0.12788
0.904078 -0.426975 -0.0183266 9.04629 0.426831 0.90426 -0.0113769 3.27004 0.0214297 0.00246326 0.999767 0.137557
0.903203 -0.428825 -0.0182537 9.10718 0.42865 0.90338 -0.0128438 3.28976 0.0219978 0.00377606 0.999751 0.134075
0.902108 -0.431111 -0.018564 9.14611 0.430917 0.902289 -0.0136288 3.33148 0.0226256 0.00429515 0.999735 0.136379
0.901912 -0.431405 -0.0210975 9.19439 0.43131 0.902158 -0.00908926 3.34041 0.0229545 -0.000901866 0.999736 0.167615
0.901527 -0.43216 -0.0220497 9.25347 0.432086 0.901795 -0.00825786 3.33481 0.023453 -0.00208267 0.999723 0.171583
0.900826 -0.433692 -0.0205682 9.30983 0.433542 0.90106 -0.0115099 3.38599 0.0235249 0.00145127 0.999722 0.184072
0.90095 -0.43345 -0.0202361 9.37191 0.433304 0.901176 -0.0113745 3.44109 0.0231666 0.00147949 0.99973 0.185558
0.900666 -0.433956 -0.0220037 9.40933 0.433828 0.900934 -0.0105264 3.43793 0.0243919 -6.50454e-05 0.999702 0.163723
0.899834 -0.435782 -0.0198172 9.40681 0.435621 0.90005 -0.0120237 3.47152 0.0230762 0.00218654 0.999731 0.190286
0.89986 -0.435796 -0.018287 9.47512 0.435655 0.900043 -0.0112698 3.47476 0.0213705 0.0021744 0.999769 0.189222
0.899989 -0.435516 -0.0186024 9.5329 0.435409 0.900181 -0.00969696 3.48429 0.0209687 0.000627513 0.99978 0.180103
0.899774 -0.435927 -0.0193613 9.5652 0.435871 0.89998 -0.0072542 3.52768 0.0205871 -0.00191189 0.999786 0.175919
0.899408 -0.436648 -0.0200646 9.61486 0.436618 0.899626 -0.00611946 3.54687 0.0207227 -0.00325665 0.99978 0.18397
0.899297 -0.43683 -0.021087 9.6662 0.436753 0.899542 -0.00837824 3.55737 0.0226285 -0.00167531 0.999743 0.187431
0.898794 -0.437852 -0.0213049 9.72291 0.437768 0.899046 -0.00874487 3.62608 0.0229831 -0.00146677 0.999735 0.219445
0.899209 -0.436971 -0.0219264 9.77745 0.436926 0.89947 -0.00701749 3.63275 0.0227886 -0.00327006 0.999735 0.219502
0.898823 -0.437783 -0.0215284 9.81896 0.437738 0.899075 -0.00700607 3.64359 0.0224228 -0.00312661 0.999744 0.234102
0.898286 -0.438925 -0.0206667 9.85991 0.438845 0.898523 -0.00851135 3.68003 0.0223053 -0.00142384 0.99975 0.240268
0.898407 -0.438667 -0.0208826 9.9038 0.43862 0.898645 -0.00701179 3.69688 0.0218419 -0.00286009 0.999757 0.22563
0.898336 -0.43888 -0.019392 9.96572 0.438799 0.898545 -0.00848058 3.69416 0.0211466 -0.000890796 0.999776 0.219479
0.898117 -0.439314 -0.0197162 10.0046 0.439242 0.898332 -0.00807215 3.75871 0.0212579 -0.00141044 0.999773 0.206745
0.898217 -0.438999 -0.0220481 10.059 0.438996 0.898474 -0.00522591 3.77053 0.0221038 -0.00498503 0.999743 0.20314
0.898406 -0.438668 -0.0208935 10.1099 0.438578 0.898649 -0.00894363 3.7721 0.0226992 -0.00112841 0.999742 0.210792
0.897827 -0.439908 -0.0196925 10.1389 0.439738 0.898039 -0.0124746 3.83566 0.0231723 0.00254047 0.999728 0.226042
0.897254 -0.441066 -0.0199236 10.1823 0.440833 0.897462 -0.0150888 3.86452 0.0245358 0.0047555 0.999688 0.224543
0.898233 -0.439115 -0.0188304 10.2343 0.438867 0.89841 -0.0159477 3.84791 0.0239203 0.00606068 0.999695 0.215305
0.897534 -0.44054 -0.0189055 10.2371 0.440346 0.897725 -0.0136491 3.87646 0.0229849 0.00392561 0.999728 0.195147
0.897461 -0.440688 -0.0189353 10.283 0.440583 0.89766 -0.00961067 3.8981 0.0212328 0.000282607 0.999775 0.191638
0.897614 -0.440435 -0.0175074 10.3655 0.440289 0.89778 -0.0116735 3.90091 0.0208592 0.00276996 0.999779 0.171145
0.896961 -0.441679 -0.0194857 10.402 0.441574 0.897173 -0.0096162 3.93685 0.0217294 2.09585e-05 0.999764 0.201579
0.896676 -0.442183 -0.0211131 10.4422 0.442104 0.896923 -0.00856844 3.94753 0.0227257 -0.00165108 0.99974 0.217792
0.897064 -0.44135 -0.0220651 10.4952 0.441271 0.897333 -0.00857627 3.96687 0.0235849 -0.00204324 0.99972 0.217545
0.896824 -0.441871 -0.0213774 10.5463 0.441764 0.897078 -0.00978054 4.01285 0.023499 -0.000672354 0.999724 0.208046
0.896919 -0.441646 -0.0220212 10.6214 0.441556 0.897188 -0.00904967 4.04987 0.0237539 -0.00160675 0.999717 0.198487
0.89699 -0.441537 -0.0212825 10.6793 0.44141 0.897243 -0.0106203 4.05945 0.0237848 0.000132009 0.999717 0.201959
0.89665 -0.442228 -0.0212785 10.7267 0.442097 0.896902 -0.0107775 4.10176 0.0238509 0.000256495 0.999715 0.199853
0.896872 -0.441707 -0.0227232 10.7456 0.441652 0.897154 -0.00765422 4.11743 0.0237671 -0.00317088 0.999712 0.219225
0.896846 -0.441756 -0.0227876 10.7848 0.441652 0.897134 -0.00965285 4.10749 0.0247077 -0.00140706 0.999694 0.230228
0.896459 -0.442506 -0.0234404 10.8305 0.442399 0.896764 -0.00981648 4.15277 0.0253644 -0.00156995 0.999677 0.211284
0.896714 -0.442032 -0.0226115 10.8665 0.441926 0.896998 -0.00977138 4.18103 0.0246017 -0.00123047 0.999697 0.227605
0.896867 -0.441791 -0.0212292 10.9275 0.441633 0.897117 -0.0118745 4.18915 0.0242911 0.00127434 0.999704 0.234811
0.896594 -0.442296 -0.0222062 10.9769 0.442202 0.896868 -0.00925767 4.21204 0.0240107 -0.00151925 0.999711 0.231952
0.895948 -0.443593 -0.0224128 11.0252 0.4435 0.896227 -0.00921079 4.23884 0.0241728 -0.0016877 0.999706 0.24218
0.89624 -0.443025 -0.0219486 11.0485 0.442814 0.896505 -0.0139483 4.22928 0.0258565 0.00278191 0.999662 0.230523
0.896847 -0.441701 -0.0237786 11.0533 0.441534 0.897162 -0.0121396 4.28292 0.0266954 0.000388262 0.999644 0.234754
0.896565 -0.442211 -0.0249182 11.1195 0.442106 0.896908 -0.00990207 4.31883 0.0267282 -0.00213865 0.99964 0.247221
0.896757 -0.442037 -0.020736 11.1857 0.441817 0.896989 -0.0144649 4.33364 0.024994 0.00380992 0.99968 0.209084
0.896527 -0.4426 -0.0185436 11.2468 0.442355 0.896698 -0.0159544 4.35354 0.0236894 0.00610074 0.999701 0.190552
0.895631 -0.44446 -0.0173201 11.2749 0.444212 0.895771 -0.0164316 4.40032 0.0228181 0.00702284 0.999715 0.199318
0.896477 -0.442787 -0.0164259 11.3247 0.442518 0.896586 -0.0176226 4.40356 0.0225303 0.00852952 0.99971 0.182369
0.896474 -0.442759 -0.0172942 11.3743 0.442568 0.896628 -0.0138277 4.41977 0.0216288 0.00474224 0.999755 0.226453
0.89626 -0.443116 -0.0191578 11.4187 0.443002 0.896464 -0.0100685 4.46712 0.0216358 0.000537022 0.999766 0.235794
0.895942 -0.443797 -0.0182409 11.4778 0.443657 0.896125 -0.0113448 4.46593 0.0213809 0.00207159 0.999769 0.201654
0.89595 -0.443841 -0.0167208 11.5097 0.443671 0.896096 -0.0130076 4.49496 0.0207567 0.00423559 0.999776 0.206964
0.895816 -0.444045 -0.0183748 11.5456 0.443927 0.896004 -0.0102964 4.52752 0.021036 0.00106661 0.999778 0.229475
0.895662 -0.444332 -0.0189493 11.6076 0.444204 0.895861 -0.0107085 4.53122 0.0217341 0.0011738 0.999763 0.225493
0.896525 -0.442552 -0.0197736 11.6338 0.442472 0.896742 -0.00847406 4.5521 0.021482 -0.00115205 0.999769 0.24587
0.896559 -0.442406 -0.0214252 11.6869 0.442413 0.896799 -0.00466866 4.60477 0.0212795 -0.00529304 0.99976 0.247431
0.896209 -0.443139 -0.020935 11.7425 0.443083 0.896449 -0.00747363 4.59677 0.022079 -0.00257801 0.999753 0.229589
0.896332 -0.442852 -0.0216909 11.7825 0.442775 0.896592 -0.00850341 4.63052 0.0232136 -0.0019823 0.999729 0.244361
0.895913 -0.443663 -0.0224361 11.8023 0.443606 0.896189 -0.00771263 4.66812 0.0235288 -0.00304295 0.999719 0.246537
0.895989 -0.443574 -0.0211009 11.8491 0.443455 0.896238 -0.0102487 4.64755 0.0234575 -0.000174566 0.999725 0.236168
0.896349 -0.442821 -0.0216435 11.8944 0.442735 0.896608 -0.00890895 4.68399 0.0233508 -0.00159679 0.999726 0.23677
0.896021 -0.443402 -0.0232426 11.9341 0.443413 0.896304 -0.00496684 4.73378 0.0230348 -0.00585569 0.999717 0.219088
0.896013 -0.443407 -0.0234569 12.0002 0.443446 0.896293 -0.00381537 4.74491 0.022716 -0.00698323 0.999718 0.217721
0.896416 -0.442548 -0.0242725 12.0596 0.44261 0.896709 -0.00306307 4.76265 0.0231209 -0.00799748 0.999701 0.24105
